,phi
0,0.05501927600802219
1,0.013011716479163528
2,0.059453582629964044
3,0.046436862754781386
4,0.018550654643937868
5,-0.01283666162311693
6,0.00873880082938861
7,0.07722452189858427
8,-0.03627063078177779
9,-0.051893276887551645
10,0.006076208435236563
11,-0.001932370250299081
12,0.006486500151145819
13,0.02718256112864322
14,-0.0505024453540762
15,0.002923704778906232
16,-0.0975776814089814
17,-0.03722534804379732
18,-0.06276600735914582
19,-0.0454390725872875
20,0.0011290371684081865
21,0.04174791704342031
22,-0.002247979262536768
23,-0.004597114524079968
24,-0.004551925051873214
25,-0.016608189319359253
26,-0.015661362282645707
27,-0.035935654852879785
28,-0.08148162178485076
29,-0.011668908277836888
30,-0.030108364817833713
31,0.0018298326342181851
32,-0.0207900087315109
33,0.005192503200970605
34,-0.04012106073107963
35,-0.049360514564342865
36,-0.056698424098873
37,-0.05452861213973781
38,-0.056430156438470803
39,-0.015329972819795926
40,-0.044571147803633436
41,-0.05954679543431968
42,-0.04944730704270831
43,-0.042661713279594386
44,-0.03844833296621897
45,0.012801549568741473
46,0.025989702521026063
47,0.013520277364792234
48,0.04051704189569272
49,0.010552118063337147
50,0.03252424366076903
51,-0.03761985930909458
52,-0.03231762790349866
53,0.002643960427149967
54,-0.011242836111315746
55,0.005847391901364122
56,0.010549966183708272
57,0.039436081028778096
58,-0.010826088756519865
59,0.06356014143150511
60,-0.0018206932151993978
61,0.04682491838119213
62,0.021367465078160702
63,0.0374341156806966
64,-0.0027924048086471385
65,0.031561636173443534
66,0.09095136205130216
67,0.006454939249922008
68,0.009540017344547073
69,0.062025796079702655
70,-0.01686067652914956
71,0.04821790179429645
72,0.013232642787730094
73,-0.10149912338603677
74,-0.015801234458523928
75,-0.061148511171426875
76,-0.00824168132221753
77,-0.011384860166822735
78,0.05971396006506037
79,-0.022439065820453692
80,-0.024466853724081927
81,-0.011621566926001156
82,0.04948033784324782
83,0.049464557392635965
84,-0.0694648086438943
85,-0.020348156114377937
86,0.0003400146378135552
87,-0.011653127827225
88,-0.013449947317351852
89,0.04056438324752842
90,0.0498117273060976
91,-0.007258272331812765
92,0.03157311286479757
93,0.056747235350024426
94,0.02618839274009401
95,0.01061308798615579
96,0.06742271018896998
97,0.057812415766327334
98,0.055358555696177855
99,0.0622388321629631
100,0.07233043032926863
101,0.08064672780173612
102,0.07931327972503129
103,0.018312513298340268
104,0.0048058821609792855
105,0.017582308810935404
106,0.03595505708243648
107,0.019994565874926085
108,-0.04066333439756105
109,0.024034361231570742
110,-0.011053470703973056
111,0.05222613624971719
112,0.004721241562242674
113,0.007914630931522114
114,0.009469005316793613
115,0.057701952612043916
116,0.005011028018933896
117,0.04534585978293197
118,0.02214429362419171
119,-0.015771825436928958
120,-0.014312133755328957
121,-0.015479887100608963
122,-0.014896010427968943
123,0.04209508695688199
124,-0.006642834757949003
125,0.027327454356988815
126,0.0540509301750197
127,0.0342522030027713
128,0.14197744910485754
129,0.06292528176458057
130,0.1567795117788132
131,0.08968892600235079
132,0.11642889956420319
133,0.06839320790160135
134,0.08386952619261043
135,0.01673590282357022
136,0.03896266751042122
137,0.04636369884739905
138,0.076094067800205
139,0.12457161207993991
140,0.016633329894592916
141,0.04054071257161055
142,0.06858257330894414
143,0.03639834428598866
144,0.03760554875779846
145,0.053441230946833
146,0.07801139254955003
147,0.06621550571716014
148,0.14476269863785665
149,0.13270643437037072
150,0.10053798579802707
151,0.11133970424186788
152,0.09688337689495466
153,0.085372972759998
154,0.11365943048181602
155,0.056187029353302304
156,0.10516165782731164
157,0.08726662683342509
158,0.14091226868855486
159,0.11477195224995435
160,0.10367040524448787
161,0.1171074589405145
162,0.04602011539998557
163,0.09491225515488724
164,0.08979149893132816
165,0.12483198951503603
166,0.093791843161443
167,0.0668072726151061
168,0.0560055541712656
169,0.1372827650478195
170,0.08741869299386704
171,0.04813110931593093
172,0.07176233410724053
173,0.07887142710789823
174,0.14922188981653278
175,0.1496388578769317
176,0.15092353001538164
177,0.0882607952219745
178,0.06289068616131596
179,0.15853903202203912
180,0.11957709946127573
181,0.18125923926071594
182,0.13749149737182229
183,0.11923423330707196
184,0.003920742340293974
185,0.06407725465924868
186,0.09996845498957972
187,0.05743368495164182
188,0.11533287553988619
189,0.09847074676786916
190,0.05517829439495747
191,0.04440692297152424
192,0.029510177593897534
193,0.01270614957186052
194,0.03566813979858387
195,0.0049385814047610815
196,0.10841243065336163
197,0.04098256518874355
198,0.07666216402223318
199,0.0914011048937412
200,0.02264568157772403
201,0.07146107095919535
202,0.1111503388345251
203,0.09095136205130216
204,0.0008134281561704306
205,-0.004202603258782635
206,0.03618530820272807
207,0.03149062414568997
208,0.06914636577171455
209,0.01346934954690848
210,0.052383940755836036
211,0.0012000491961617161
212,0.04999678895418247
213,0.08578685094195537
214,0.14066767170407038
215,0.12243336102202833
216,0.10654244725585228
217,0.05187107611094965
218,0.04015624341124804
219,0.1250643925149566
220,0.03781212920217238
221,0.058437895445125884
222,0.036043284147221084
223,0.15012016162059427
224,0.08905340421861725
225,0.2065431627834171
226,0.042982378657196105
227,0.07219629649906754
228,0.0911278161808715
229,0.10110608202005524
230,0.12663096088479187
231,0.08214587060986595
232,0.022685132704253888
233,0.02352149658668408
234,0.05094427810770505
235,0.07647279861489045
236,0.14975721125652078
237,0.16070884398117455
238,0.02526523637929837
239,0.04159369900334953
240,0.07041310557992361
241,0.08494403142063839
242,0.05998437960509144
243,0.14432371519356238
244,0.1622789988170578
245,0.1300395382169608
246,0.08714253510815889
247,0.0498468746733695
248,0.011559915022869367
249,0.03646935631374222
250,0.09222957855086555
251,0.06071601867891545
252,0.07501597610612888
253,0.07464226634391091
254,0.03078050386815488
255,0.09270299206922226
256,0.010158324091249404
257,0.07279093256985202
258,0.11742808900521981
259,0.08399433521108628
260,0.0867537621885387
261,0.14379220092522532
262,0.0711390063080708
263,0.1295897953745218
264,0.0718175656843821
265,0.06516108469900192
266,0.05298359787908801
267,0.0466592236497672
268,0.1206817310041083
269,0.10641620365095718
270,0.05945573450959309
271,0.05742579472633591
272,0.04261584182707452
273,0.010471063930648764
274,0.1366909981498736
275,0.08010230225562588
276,0.07722954295105168
277,0.02989679863388875
278,-0.005490861863280918
279,0.03775546303861156
280,0.06448754637515798
281,0.046927491310169364
282,-0.00559343479225805
283,0.010589417310237992
284,0.01655442764153351
285,0.03305288875626748
286,-0.014170109699821931
287,-0.030800552765128074
288,-0.013503744308074175
289,0.0022953559272689784
290,0.0010974762671844454
291,0.08575170357468351
292,-0.025697728871809624
293,-0.03481093910017762
294,8.752742802321243e-05
295,0.012822351071820805
296,0.055626823356580084
297,0.047760268726551494
298,-0.00704523624855228
299,-0.0427721764338776
300,0.02353297327803818
301,-0.02172535907687034
302,0.03604973978610774
303,-0.03636531348544919
304,-0.02753615136809514
305,0.02363984996627334
306,-0.028380405475831344
307,0.004561285176494956
308,0.12936886906595532
309,0.1183383340882421
310,0.11453524549077597
311,0.056250151155749925
312,0.08587005695427256
313,0.03918359381898779
314,0.016814805076629694
315,0.13038670813042239
316,0.04675677552627703
317,-0.02276256505799746
318,-0.02008419221323349
319,0.015662832181961506
320,-0.028845928768882208
321,0.07053145895951286
322,0.002401515322294512
323,0.08674587196323279
324,0.03145117301916018
325,0.013354582633367378
326,0.052257697150941
327,0.10122443539964436
328,0.03924671562143531
329,-0.00509635059798355
330,-0.033264454940212206
331,0.03547518792519288
332,-0.01317594131127262
333,0.004900564864650612
334,0.012214803723262987
335,-0.010706300790511422
336,-0.018613741133488976
337,-0.0399137629934961
338,-0.012986575903929898
339,0.04912527770448024
340,0.03109611288039267
341,0.03673762397414432
342,0.06694929667061313
343,0.10142169103229307
344,0.05032459195098416
345,0.015260430691358297
346,0.04589028532904224
347,0.04258428092585064
348,0.05441961888477029
349,0.02602269800866912
350,0.05389312566890078
351,0.0742319746280017
352,-0.001600980787449265
353,-0.048019176262331986
354,-0.006824309939985713
355,0.047342086785336364
356,0.061939003601337306
357,0.01589164871583398
358,0.029786335479605602
359,0.10116776923608348
360,0.07005015521585012
361,0.09467554839570885
362,0.03448101953664367
363,0.01355614202527376
364,0.08520302944571616
365,0.07559698360593044
366,0.07512357008757374
367,0.14712187600433468
368,0.03004671291470182
369,0.031640538426502975
370,0.03384836692574881
371,-0.006267690409311752
372,0.05088049418844843
373,-0.01899534112101285
374,0.01681480507662966
375,0.09008200268122873
376,0.03367196797258013
377,0.11953477916190748
378,0.034662494718680485
379,-0.022045989141575677
380,0.07686228882772038
381,0.10897263665008375
382,0.024420982271562062
383,0.07507622873573808
384,0.06735958838652242
385,0.15041999018222027
386,0.1765445261702089
387,0.1279170676096611
388,0.1842690567447303
389,0.21131674909351475
390,0.16632668439900822
391,0.2120663204975796
392,0.1525740216907437
393,0.12001895207840874
394,0.11633421686053172
395,0.13103657577834843
396,0.1543414321592756
397,0.08021276540990903
398,0.08750333359260354
399,0.12447764666947811
400,0.16460661528231196
401,0.08913661023093458
402,0.1107637177945336
403,0.07688309033079974
404,0.08334805402920833
405,0.060274166061782555
406,0.09229270035331304
407,0.13099425547898033
408,0.16331907397102355
409,0.23744128508150322
410,0.18688072132099887
411,0.15771055836491463
412,0.20236923359657152
413,0.16304435067173445
414,0.17401176384700012
415,0.13253284941363977
416,0.09119022069010953
417,0.08876003129587791
418,0.10398601425672563
419,0.10014993017161647
420,0.10324554695878295
421,0.1237374000771385
422,0.11593253266313815
423,0.10777834345604735
424,0.18011090800849663
425,0.16213697476155073
426,0.08816396063867427
427,0.1975016818760121
428,0.2056436770985393
429,0.16282342436316816
430,0.19801598110731802
431,0.15890987261141853
432,0.15707360199476192
433,0.09070676506681773
434,0.1069290682958437
435,0.08546765546366947
436,0.1268834480945822
437,0.08463344346086797
438,0.13377161478667332
439,0.0893417560888892
440,0.06960830259871711
441,0.14961518720101377
442,0.13911329731879904
443,0.18953972724910254
444,0.07684363920427005
445,0.15713815838362885
446,0.1363043771098821
447,0.1359493169711146
448,0.08115959244662271
449,0.07649646929080832
450,0.08007074135440204
451,0.06683452975707213
452,-0.008915219646061536
453,0.09727143252136526
454,0.007015145246644198
455,0.04811532886531914
456,0.0882084328176713
457,0.06088960363564632
458,0.06114209084543659
459,0.0523287091786945
460,0.08635494716398355
461,0.10814416299295941
462,0.047831280754304956
463,0.1086806983137638
464,0.14020071382460045
465,0.10069076925167861
466,0.16834729937054013
467,0.11355685755283865
468,0.12313559107425757
469,0.05307828058275944
470,0.1337795050119793
471,0.054111900097838374
472,0.1233866436976286
473,0.15138259766954584
474,0.11859153859124202
475,0.157373430556388
476,0.12902456832533216
477,0.13027624497613918
478,0.13463380122465043
479,0.09041482673049785
480,0.12193627682775375
481,0.07659115199447965
482,0.05772562328796182
483,0.07499732648267864
484,0.12869819991494977
485,0.12926629613697802
486,0.05247073323420149
487,0.0557372865108633
488,0.10887006372110646
489,0.08009441203031997
490,0.08956268239745563
491,0.04005151860264193
492,0.013021758584098346
493,0.053149292610512835
494,0.10988431631952543
495,0.06063711642585608
496,0.04050054415187121
497,0.1064083134256512
498,0.060100581105051724
499,0.0908803500235487
500,0.1775336735062909
501,0.1649301145198559
502,0.14219837541342412
503,0.14407624903623936
504,0.09531465664549049
505,0.02629096566907132
506,0.10484174505581594
507,0.0689770845742414
508,0.03289508425014846
509,0.041724246367502445
510,0.09304585822342618
511,0.03447312931133773
512,0.10598008937950125
513,0.032847742898312805
514,0.06912699885505444
515,0.08836552003058079
516,0.0778083985712244
517,0.0932947589671683
518,0.03233487825342621
519,0.060759056271493465
520,0.06549749521431897
521,0.07798347329077518
522,0.10449887890161222
523,0.0663101884208315
524,0.050143116768947345
525,0.08422889009063596
526,0.06146559008298036
527,0.062451868246223834
528,-0.0018534679972394697
529,0.07429007537798177
530,0.034283763903995006
531,0.07566010540837799
532,0.029360263313084493
533,0.11200463504719609
534,0.1496309676516256
535,0.05699183233450882
536,0.05057277540151669
537,0.05253242045022979
538,0.08156988416253187
539,0.14624103994290719
540,0.07241865739405337
541,0.06676782148857642
542,0.06779570265797835
543,0.05300153020932881
544,0.04424122824009931
545,0.10621894801830847
546,0.056230066945880154
547,0.12012009042096686
548,0.06869303646322743
549,0.10427795259304558
550,0.056755125575330474
551,0.08228000444006703
552,0.14942582179367106
553,0.07917914589483015
554,0.09107975753582617
555,0.13484043684542513
556,0.08035478946541609
557,0.1209263279885926
558,0.09402854992062125
559,0.116168522129107
560,0.08872631851502544
561,0.12129716857797213
562,0.03918718028503595
563,0.058009671398975796
564,-0.02852386411775769
565,0.0290008994150591
566,0.058767133028346755
567,-0.02557148526691449
568,-0.001482627407860003
569,0.04952767919508352
570,0.10037229106660235
571,-0.0021432544539305536
572,0.022953400364655943
573,0.03819731565574449
574,0.057009764664749656
575,0.02502852962011988
576,-0.028577661108480045
577,-0.030739582842309328
578,0.014763346497083659
579,0.00567380694463339
580,0.08662751858364352
581,0.10136645945515149
582,0.06621550571716017
583,0.02278770563323119
584,0.04091370504061896
585,0.08675376218853863
586,0.043280772632402854
587,0.04595340713148983
588,0.07421619417738974
589,0.11040865765576603
590,0.15013594207120623
591,0.038010102128030576
592,0.11152117942390449
593,0.12019253703513963
594,0.10012769408211784
595,0.10873592989090544
596,0.08720996066986433
597,0.11565565748422041
598,0.0012947318998331118
599,0.01469233446933013
600,0.007756826425403304
601,0.022219609411202955
602,0.027726986674753488
603,0.016341391558272887
604,0.03698222095862875
605,0.07283540474884924
606,-0.02426170786612735
607,-0.022005103428626605
608,0.03067004071387156
609,0.02852246484423502
610,0.08572803289876564
611,0.06532606213721714
612,0.11871347843687938
613,0.11653632801644562
614,0.023103314645468984
615,0.061007957015235544
616,-0.004946436317170547
617,0.044138655311122106
618,0.03856815624512406
619,0.031088222655086796
620,0.022024505658183233
621,-0.008297630192568899
622,-0.02206105229897787
623,-0.03906377054008276
624,0.042069264401335245
625,0.03624843000517566
626,0.07293008745252064
627,0.02028865609087502
628,-0.029311452061933033
629,0.03785014574228289
630,0.05793656266799419
631,0.02410035220685669
632,0.04855216042998473
633,0.0746580467945228
634,-0.0022874303890665568
635,0.018434453143977552
636,0.0264487701751903
637,0.009803981245691451
638,0.02410537325932417
639,0.024720810833187966
640,0.06969509507708253
641,0.0927029920692224
642,0.10993524413740932
643,0.09777640694094573
644,0.12565257294685453
645,0.0878347230554534
646,0.04391772900255561
647,0.13911329731879923
648,0.10851500358233887
649,0.012254254849792603
650,0.023054538707214103
651,0.004924235540568409
652,0.005042588920157671
653,0.06963197327463491
654,0.046548760495483954
655,0.07138360329255508
656,0.0598165329940376
657,0.09826560090991447
658,0.10314176014898932
659,0.09147426880112358
660,0.09293969882840071
661,0.07778616248172578
662,0.12455583162932803
663,0.07959732783604527
664,0.17779907199385428
665,0.1111503388345249
666,0.2088707792486713
667,0.10993524413740932
668,0.16044918383928783
669,0.132910145641906
670,0.03948342238061369
671,0.11387246656507646
672,0.03837090061247519
673,0.07701722416100082
674,0.13134931561774776
675,0.17484812772943045
676,0.10877035996496771
677,0.10600662922825761
678,0.1617976950733951
679,0.09224535900147744
680,0.12356166324077868
681,0.1383357514795585
682,0.15389168931683683
683,0.13305360428383234
684,0.056806770686423855
685,0.05601703086261953
686,0.0698450093578955
687,0.10264467595471481
688,0.04364157111684751
689,0.06430182261026411
690,0.1407322280929373
691,0.09780796784216958
692,0.08790788696283583
693,0.0935594401615223
694,0.10854226072430496
695,0.10413808041716764
696,0.1257551458758317
697,0.07861104967280204
698,0.11934828292740333
699,0.08164878641559144
700,0.0796367789625751
701,0.08370813522044332
702,0.1754893878588409
703,0.10730779911052908
704,0.14723520833145634
705,0.10784433443133354
706,0.05779878719534415
707,0.061576053237263714
708,0.1261604165392736
709,0.10804523170643109
710,0.1958124563673301
711,0.08413635926659341
712,0.06499252079473845
713,0.08075001802392308
714,0.09048153499899356
715,0.08630401934609973
716,0.1749134014115069
717,0.06514602154159965
718,0.10775754195296812
719,0.1075760667709313
720,0.058498865367944596
721,0.011804512007353767
722,0.05836473153774348
723,0.032930231617420404
724,0.06717883049769527
725,0.07883986620667452
726,0.09657565810802274
727,0.16771392946643557
728,0.11959646637793592
729,0.15771822788461784
730,0.10985755576516615
731,0.12147720917358962
732,0.07822155945997211
733,0.09244476651375498
734,0.16777059562999638
735,0.110282414050871
736,0.14914177368265694
737,0.08856062378360044
738,0.16315481382601785
739,0.09964925951129366
740,0.10695273897176143
741,0.05345557681102564
742,0.1970512217403636
743,0.15574589226373423
744,0.08077297140663137
745,0.13694348535966389
746,0.1123130711273376
747,0.1107321568933099
748,0.1409280491391669
749,0.20210885616147534
750,0.1792429832248426
751,0.16466184685945368
752,0.18586288225653158
753,0.13519185534174377
754,0.08865028543480435
755,0.06729646658407483
756,0.07436467387178353
757,0.09740556635156628
758,0.05634483385942122
759,0.024965407817672328
760,0.044414813196830216
761,0.06932425448770307
762,0.057047063911650396
763,0.082153760835172
764,0.10248687144859588
765,0.09646878141978756
766,0.08837125837625771
767,0.10877538101743506
768,0.1279328480602729
769,-0.00374640477745707
770,0.028173860344353995
771,0.10222649401349969
772,0.06703250268293043
773,0.024168495061771753
774,0.010265918072694119
775,0.03547640180600928
776,0.03404275338555887
777,0.058601438296921896
778,0.06574209219880336
779,-0.01020921659623675
780,0.07954634484176075
781,0.0017839258688018406
782,0.13190952161447
783,0.11355685755283879
784,0.09847074676786909
785,0.06841687857751921
786,0.058980169111607306
787,0.061915332925419335
788,0.09681379945362038
789,0.12426389329300813
790,0.0682117327195646
791,0.0989993918633675
792,0.11193814748430336
793,0.09550402205283327
794,0.1537259945854119
795,0.15932805455263385
796,0.10863335696192807
797,0.04486455603926919
798,0.07287772504821743
799,0.11505600036096847
800,0.07297312504509848
801,0.060155812682193395
802,0.06667959442379172
803,0.13102581638020402
804,0.15035686837977272
805,0.13620969440621086
806,0.0560758489058094
807,0.14511775877662425
808,0.14175652279629117
809,0.10325222330327267
810,0.07428720620514341
811,0.1317380885373681
812,0.11884330850782285
813,0.08667485993547926
814,0.0722594183015151
815,0.09705337538563727
816,0.08972837712888047
817,0.08005496090379015
818,0.14309786109830205
819,0.0773141835497882
820,0.05636850453533905
821,0.0470276916539148
822,0.08605942236161536
823,0.037345171322702306
824,0.19967866676724394
825,0.06927691313586727
826,0.10493284129343937
827,0.11445706053092618
828,0.06519981853232201
829,0.11077160801983944
830,0.14020214841101972
831,0.025833332601326434
832,0.09557862054663496
833,0.05911430294180842
834,0.011922865386942925
835,0.13046561038348184
836,0.12937675929126125
837,0.18983955581072867
838,0.14883405489572502
839,0.11217606812429795
840,0.12621277894357666
841,0.1303709276798105
842,0.04883333936816018
843,0.05214364753060952
844,0.10944180158558348
845,0.10866491786315198
846,0.08848961175584684
847,0.09619907917296613
848,0.05806848944216563
849,0.10078903842139796
850,0.164544210773074
851,0.14840009250389807
852,0.1838781319454814
853,0.15481699755726142
854,0.07165187095295725
855,0.1213050588032781
856,0.03933350809980072
857,0.05806490297611744
858,0.04880034388051719
859,0.07109955518154097
860,0.07487897310308937
861,0.06758840492039493
862,0.10566806683331151
863,0.0512161874105561
864,0.11282306659938562
865,0.10392647892032623
866,0.1291649370888171
867,0.10468824430895488
868,0.1288560044210688
869,0.15472805319926708
870,0.1604069187163204
871,0.13120155321656385
872,0.15721347417064013
873,0.09418205066748238
874,0.1561561839796435
875,0.171084490258494
876,0.11029747720827315
877,0.10754450586970739
878,0.11860875362827338
879,0.14749845493939115
880,0.09421002510265813
881,0.12229922719182738
882,0.10237712558752218
883,0.1535366291780691
884,0.01829673284772838
885,0.07436610845820292
886,0.04420657746043426
887,0.06641276134980888
888,0.005918403929117686
889,0.023939678527899244
890,0.059595606685471036
891,0.04656095448004764
892,0.05144500394442854
893,0.05841422476920802
894,0.07568377608429586
895,0.12228344674121536
896,0.007668599360618568
897,0.044888226715187024
898,0.07437399868350876
899,0.07481656859385134
900,0.04922785063345755
901,0.026882732567017318
902,0.06384843812537618
903,0.0644674621652882
904,0.08780316215422941
905,0.058927806707304235
906,0.07981825414461184
907,0.09353361760597552
908,0.11619219280502473
909,0.02564396719398371
910,0.06789733758814294
911,0.12641792480153133
912,0.14322410470319716
913,0.20666940638831235
914,0.147794697034969
915,0.20366323054674673
916,0.11313078538631767
917,0.10467246385834313
918,0.12849520593662422
919,0.1938736128216962
920,0.13310883586097397
921,0.160921880064435
922,0.12569991429869007
923,0.1009188684923415
924,0.09297125972962442
925,0.058262158608766136
926,0.11370677183365169
927,0.15199803524340946
928,0.1368172417547687
929,0.14998746237681257
930,0.18121769143095803
931,0.16623200169533695
932,0.21409410840120802
933,0.1617539401876074
934,0.1339330057588403
935,0.14822937672000575
936,0.19958398406357267
937,0.18514487175369043
938,0.20928107096458046
939,0.13916063867063477
940,0.16272085143419085
941,0.12695517741554524
942,0.13721964324537195
943,0.17891159376199284
944,0.12306457904650404
945,0.172709876671519
946,0.12382275796908453
947,0.1242086617158663
948,0.054872230900047725
949,0.1261754796966759
950,0.1530789961103243
951,0.2569695927137206
952,0.17853931858619418
953,0.19537849397550303
954,0.19649890596894726
955,0.15247933898707242
956,0.1682978061390756
957,0.11068481554147416
958,0.15167453600586572
959,0.12125771745144244
960,0.1644409205508871
961,0.173585691680479
962,0.16680798814267103
963,0.10033283994007253
964,0.11891647241520509
965,0.14877882331858344
966,0.12695446012233574
967,0.15183234051198483
968,0.13230403287976736
969,0.14540969711294435
970,0.10744193294073022
971,0.11041224412181412
972,0.11538595523739907
973,0.18589300857133612
974,0.10979322008190219
975,0.17326577890898337
976,0.19905533896807406
977,0.1783088467602994
978,0.16651604980635099
979,0.22203956528429597
980,0.23548450920562866
981,0.12642151126757942
982,0.09567760700956411
983,0.0907856673198773
984,0.07829113690130633
985,0.05805916463044054
986,0.07154929802397994
987,0.07754013091082217
988,0.12445325870035065
989,0.1703270286291231
990,0.17227591427969183
991,0.09139321466843515
992,0.08785839373137112
993,0.0074648880890831725
994,0.09661654382097161
995,0.08998086433867075
996,0.04359422976501181
997,0.06914493118529524
998,0.09133798309129358
999,0.04513138911325214
1000,0.14365806709502432
1001,0.10798635848684046
1002,0.14028894088938507
1003,0.07188068748682966
1004,0.10041963241843795
1005,0.21550000309208556
1006,0.11884330850782271
1007,0.11337609966401142
1008,0.19073904149560642
1009,0.19300353615841312
1010,0.11497279434865121
1011,0.06086593295972859
1012,0.09928343997438155
1013,0.09441517096061261
1014,0.23404059797464047
1015,0.1423482896942372
1016,0.15632187871106823
1017,0.14081973786451238
1018,0.10626628937014414
1019,0.1507355991944583
1020,0.1705795158389135
1021,0.14362650619380032
1022,0.16463817618353566
1023,0.14836064137736832
1024,0.19565465186121103
1025,0.14267824457066752
1026,0.18721211078384845
1027,0.1305129517353175
1028,0.098336612937668
1029,0.15157985330219448
1030,0.13035012617673108
1031,0.11833044386293626
1032,0.137369557526185
1033,0.1387266762788076
1034,0.17433526308454392
1035,0.17240215788458702
1036,0.19733526985137773
1037,0.15939117635508135
1038,0.16520627240556404
1039,0.13841106726656993
1040,0.11710745894051457
1041,0.12707281350192484
1042,0.1731122781621221
1043,0.23852224594841806
1044,0.2487874290714543
1045,0.15035686837977263
1046,0.18943047797563572
1047,0.11137126514309166
1048,0.10277378873244848
1049,0.137061838739253
1050,0.17242009021482793
1051,0.15968670115744968
1052,0.20736374621523562
1053,0.0971057377899404
1054,0.1139198079169122
1055,0.09874690465357715
1056,0.13831853644252737
1057,0.16339152058519624
1058,0.17516373674166835
1059,0.18822492879584818
1060,0.1771284028428489
1061,0.06060555552463223
1062,0.0880226538763768
1063,0.12307605573785818
1064,0.1707631429005789
1065,0.12558945114440698
1066,0.1639359461313064
1067,0.13690403423313405
1068,0.14070712283060025
1069,0.1522820833544236
1070,0.13015215325087284
1071,0.1401942581857138
1072,0.1883877543544344
1073,0.18344847331291206
1074,0.14582357529490178
1075,0.2083105732519491
1076,0.17293725861897202
1077,0.09036533349903327
1078,0.09810779640379566
1079,0.10944605016844053
1080,0.15754701551311875
1081,0.1040175751579494
1082,0.17084778349931568
1083,0.18600490631203864
1084,0.15706355988982723
1085,0.14180386414812676
1086,0.16362822734437463
1087,0.17974365388516547
1088,0.17553457733104774
1089,0.24853494186166394
1090,0.23522413177053247
1091,0.19246556625118968
1092,0.188908509224627
1093,0.13246972761119227
1094,0.16105027554895895
1095,0.1895433137151507
1096,0.18100608993411685
1097,0.1435303889037099
1098,0.22365706147201506
1099,0.09715307914177607
1100,0.15195069389157387
1101,0.17637883143878405
1102,0.1496467481022375
1103,0.19091262645233725
1104,0.1435791648419648
1105,0.15443109381047973
1106,0.17343577739966612
1107,0.2107551085103733
1108,0.17188140301439445
1109,0.18060225385709422
1110,0.1972800382742361
1111,0.2279098929119201
1112,0.28299944599803795
1113,0.2136795129260408
1114,0.162405242421953
1115,0.22033527661821148
1116,0.19649890596894748
1117,0.19331125494534496
1118,0.2359815933999033
1119,0.2604649625242551
1120,0.2292619906120753
1121,0.2265685546099091
1122,0.23646289714356583
1123,0.19119237080409363
1124,0.2369599813378405
1125,0.18932525657942284
1126,0.20540266658010317
1127,0.17007454141933284
1128,0.15028585635201927
1129,0.18935825206706594
1130,0.14106074838294866
1131,0.1368803635572164
1132,0.08587794717957854
1133,0.1302289036243034
1134,0.19474727595102723
1135,0.1689699098765004
1136,0.16362822734437457
1137,0.17830404641343506
1138,0.1767023306763278
1139,0.17663920887388024
1140,0.16263405895582522
1141,0.21521452039465233
1142,0.16009340640731073
1143,0.17836716821588233
1144,0.11336964402512476
1145,0.16298338074891594
1146,0.10693695852114954
1147,0.16794418058672722
1148,0.14158293783956033
1149,0.1268124360668286
1150,0.18025364935721336
1151,0.18580765067939
1152,0.1692381775369025
1153,0.16816725877492264
1154,0.18564195594796515
1155,0.13028700437428367
1156,0.18646253937978344
1157,0.19119237080409343
1158,0.17236270675805726
1159,0.1719430902304228
1160,0.22925123121393085
1161,0.2478721629359645
1162,0.14915755413326884
1163,0.12015954154749647
1164,0.13346389599974148
1165,0.1580856475371515
1166,0.17824092461098723
1167,0.12402575194741029
1168,0.1990001073909325
1169,0.2014381870104698
1170,0.19500621879970445
1171,0.21106426188372446
1172,0.21013106341799395
1173,0.19672772250281995
1174,0.20143675242405054
1175,0.2399374654510209
1176,0.24180457967569177
1177,0.32343685069101336
1178,0.2642049293192737
1179,0.2720162523721605
1180,0.24119990149997234
1181,0.25122550869099175
1182,0.20312669522594248
1183,0.23105020258368675
1184,0.1552488080694595
1185,0.198605596125635
1186,0.22494316819688417
1187,0.1259760721843985
1188,0.17537677282492878
1189,0.166957902423484
1190,0.2231047457005987
1191,0.2519155447586572
1192,0.17152634287562699
1193,0.1616635612431941
1194,0.14426782149961184
1195,0.19488140978122845
1196,0.14559117229498114
1197,0.09758218601033797
1198,0.15848380044489754
1199,0.13113627953448723
1200,0.14880249399450132
1201,0.10402546538325531
1202,0.16220655220288485
1203,0.11855926039680867
1204,0.18125499067785897
1205,0.136178133504987
1206,0.1285877367606665
1207,0.12114725429715902
1208,0.1347758252801575
1209,0.13031856527550736
1210,0.11591460033289727
1211,0.15314426979240062
1212,0.12111569339593531
1213,0.0911278161808715
1214,0.0489516927477494
1215,0.1003995482085681
1216,0.22021692323862221
1217,0.15939906658038747
1218,0.1363545876345564
1219,0.13579636798826092
1220,0.14175221903703342
1221,0.1724968405882584
1222,0.17708895171631928
1223,0.2049930369810028
1224,0.20415242451571552
1225,0.11632919580806439
1226,0.14211947316036475
1227,0.1647012979859832
1228,0.15133525631771003
1229,0.1203661219918704
1230,0.14056509877509327
1231,0.13803879209077108
1232,0.14114108522242727
1233,0.18870838441913995
1234,0.0791160240923826
1235,0.17404332474822395
1236,0.11928516112495571
1237,0.09732522951208772
1238,0.11036131630393037
1239,0.13225669152793162
1240,0.17494281043310184
1241,0.10094827751393629
1242,0.052936256527252354
1243,0.04974860550365001
1244,0.10349682028775696
1245,0.09939390312866482
1246,0.1672677730900448
1247,0.09933867155152325
1248,0.20421554631816294
1249,0.08211144053580374
1250,0.13377018020025414
1251,0.1406396972688949
1252,0.14672306097977966
1253,0.11308774779373962
1254,0.18153903878887295
1255,0.20237712382187736
1256,0.16912771438261914
1257,0.1247767579378946
1258,0.07480007085002993
1259,0.10065705647082586
1260,0.13367693208300208
1261,0.047949634133894324
1262,0.08381859837472667
1263,0.031908806086905134
1264,0.11484296427770788
1265,0.0204701312729118
1266,0.052139343771351744
1267,0.10169784891800114
1268,0.05953607134907171
1269,0.1709984150733383
1270,0.10119287449842065
1271,0.11316234628754124
1272,0.09327108829125043
1273,0.0802543684160677
1274,0.1038676608771365
1275,0.21676889477992373
1276,0.2531033823138069
1277,0.21631341359180775
1278,0.14518877080437784
1279,0.1276868164893695
1280,0.09992254822416317
1281,0.08056782554867668
1282,0.08783830952150148
1283,0.09820247910746692
1284,0.045598346992722145
1285,0.04888857094530189
1286,0.10546937661424356
1287,0.06520555687799912
1288,0.09912563546826274
1289,0.07694836401287614
1290,0.12292255499099705
1291,0.12464262410769344
1292,0.052550849368077295
1293,0.10362951953153873
1294,0.1280985427916979
1295,0.16453560325455843
1296,0.10887867123962215
1297,0.05311055877719281
1298,0.12964502695166347
1299,0.06862566607792275
1300,0.09353003113992736
1301,0.048571527346644675
1302,0.07244089348355191
1303,0.10533093902478473
1304,0.06464535088127675
1305,0.0424408222839244
1306,0.07561276405654233
1307,0.08229578489067899
1308,0.13583096359152536
1309,0.1269645022272704
1310,0.13766513750495388
1311,0.08397855476047439
1312,0.02581755215071451
1313,0.023997779277879452
1314,0.046742429662084424
1315,0.11264948164265479
1316,0.12584982857950316
1317,0.04884911981877214
1318,0.2351846806440028
1319,0.07106655969389801
1320,0.07576267833735537
1321,0.07446079116187417
1322,0.14351604303951718
1323,0.08284810066209526
1324,0.06835447406828125
1325,0.10770231037582634
1326,0.06212406524942214
1327,0.1261166616534861
1328,0.1559904892482185
1329,0.09982786552049192
1330,0.041458130586729196
1331,0.11027452382556495
1332,0.13734588685026713
1333,0.1290374796031056
1334,0.12854039540883092
1335,0.13924743114900018
1336,0.1698615053360724
1337,0.15718191326941636
1338,0.15371021413480002
1339,0.10394656313019594
1340,0.18284881618966004
1341,0.20409719293857376
1342,0.18751480851831293
1343,0.15801038692654085
1344,0.1184803581437493
1345,0.11657092361971018
1346,0.08730464337353573
1347,0.15602205014944223
1348,0.07461556096595233
1349,0.09457297546673162
1350,0.07925015792258366
1351,0.2125239535653246
1352,0.07398737764351733
1353,0.0374871953782093
1354,0.042619428293122576
1355,0.05917312098499812
1356,0.08945221924317234
1357,0.07400315809412922
1358,0.17824092461098742
1359,0.06466902155719466
1360,0.051066273129743024
1361,0.062268958477767665
1362,0.08062664359186655
1363,0.14006801458081855
1364,0.16839392342916626
1365,0.07519673399495617
1366,0.1276409097239531
1367,0.08735198472537146
1368,0.05987965479648526
1369,0.09944124448050048
1370,0.06127981114168587
1371,0.07220633860400237
1372,0.08716764037049601
1373,0.04832836494857963
1374,0.10204485330226065
1375,0.11720214164418583
1376,0.02844786635043326
1377,0.05684191805369589
1378,0.09975685349273845
1379,0.15701980500403967
1380,0.11605805897482366
1381,0.06300418401763994
1382,0.08101326463185783
1383,0.03470194584521024
1384,0.09996839981317895
1385,0.07960521806135118
1386,0.14715558878518745
1387,0.17386184956618708
1388,0.08402374423268115
1389,0.08523883892979699
1390,0.18530626272585762
1391,0.2221758509941259
1392,0.08443762241463859
1393,0.08521820295591992
1394,0.06596301850736994
1395,0.1183706122826756
1396,0.04839363863065613
1397,0.0737664513349509
1398,0.08468508857196146
1399,0.055720071473832226
1400,0.02070468615246121
1401,0.024689249931964224
1402,0.04004362837733581
1403,0.033612874047386616
1404,0.0005329665112044717
1405,0.1399575514265354
1406,0.16289443639092147
1407,0.09446251231244834
1408,0.05072986261442597
1409,0.09696586561406226
1410,0.1556748802359807
1411,0.03497021350561247
1412,0.08921551248399395
1413,0.12039768289309417
1414,0.1088069419186589
1415,0.10139371659711738
1416,0.0726797521223592
1417,0.1305050615100115
1418,0.13225884340756067
1419,0.10771020060113246
1420,0.16220798678930426
1421,0.11358841845406242
1422,0.15798671625062305
1423,0.1111976801863607
1424,0.1372748748225136
1425,0.10610059463871935
1426,0.10084785646458783
1427,0.0689770845742414
1428,0.15017114461487893
1429,0.13852153042085313
1430,0.14406692422451423
1431,0.11792804237233294
1432,0.1396813935408273
1433,0.08980727938193991
1434,0.07059242888233151
1435,-0.013481508218575628
1436,0.0013894146035045422
1437,0.017509144903552962
1438,0.08229578489067892
1439,0.05878291347895871
1440,0.08662751858364359
1441,0.15053834356180945
1442,0.12321162415447857
1443,0.06656482751025072
1444,0.09010710794356606
1445,0.0796367789625751
1446,0.06168651639154693
1447,0.05675512557533044
1448,0.1613558424562621
1449,0.13221724040140193
1450,0.02171463499162241
1451,0.089941413212141
1452,0.1278066044553779
1453,0.07919492634544197
1454,0.06289372086335679
1455,0.13848207929432324
1456,0.1438395422770612
1457,0.16006543197213477
1458,0.142513984425662
1459,0.12365491135803096
1460,0.10721311640685782
1461,0.12493456244401334
1462,0.15432565170866372
1463,0.2032844997320613
1464,0.15641512682832023
1465,0.12593949023070722
1466,0.10637675252442749
1467,0.09023335154846103
1468,0.13191167349409885
1469,0.04540898158537956
1470,0.06295684266580431
1471,0.12731741048640915
1472,0.09866800240051778
1473,0.11502443945974483
1474,0.08538086298530391
1475,0.10807530284483478
1476,0.10986423210965572
1477,0.15917025004651483
1478,0.022046024454472225
1479,0.10770589684187457
1480,0.07985770527114153
1481,0.07512357008757367
1482,-0.015177906659354083
1483,0.023318502608358445
1484,0.055658384257803825
1485,0.07228308897743296
1486,0.02156830717685753
1487,0.033092339882797236
1488,0.10587966833015271
1489,0.037793479578721895
1490,0.035948601443549756
1491,0.09415479352551642
1492,0.06963197327463505
1493,0.0428683290368648
1494,0.03521481049009673
1495,0.057930769145916425
1496,0.07816919705566898
1497,0.029667982100016446
1498,0.16233423039419928
1499,0.02903676407554069
1500,0.09487280402835756
1501,0.15763954633716118
1502,0.13885650634975094
1503,0.13250917873772183
1504,0.09258463868963314
1505,0.03494654282969453
1506,-0.016616079544665267
1507,0.026661806258450854
1508,0.007094047499703775
1509,0.04239491551850799
1510,0.02451566497523339
1511,0.016499196064391836
1512,-0.025098071748557646
1513,0.00929542036006271
1514,0.04052851858704683
1515,0.02307539538669406
1516,0.016672781021122705
1517,0.0749141204703613
1518,0.0019338401496148093
1519,0.04822579201960236
1520,0.045645688344557914
1521,-0.049407855916178495
1522,0.027687535548223872
1523,-0.01629258030712146
1524,0.03179834293262192
1525,0.022558889099358714
1526,0.008246020394371894
1527,0.07326936714067633
1528,-0.007960502384042048
1529,0.03390503308930963
1530,-0.0014826274078599685
1531,0.00446660247282356
1532,0.07366387840597352
1533,0.03642560142795472
1534,0.04373625382051876
1535,0.05146078439504032
1536,0.045448432711909174
1537,-0.014753986372461952
1538,0.02524156570338047
1539,-0.024261707866127285
1540,0.0282384167332209
1541,0.04241858619442579
1542,-0.003131684496802795
1543,0.03982700582802727
1544,0.02067312525123747
1545,0.03863127804757154
1546,-0.005916934029801889
1547,0.08198017587844109
1548,0.0895390117215379
1549,0.04073007797895317
1550,0.08150676236008439
1551,0.028160949066580676
1552,0.04318393804910255
1553,0.0815168044650192
1554,0.06010058110505162
1555,-0.02774918745135566
1556,0.06139457805522686
1557,0.10606114351218952
1558,0.11982026185934085
1559,0.10546148638893758
1560,0.053401779820303245
1561,0.059556155558941386
1562,0.14835275115206234
1563,0.17827607197825943
1564,0.12162066781551593
1565,0.08013386315684966
1566,0.1329510313548549
1567,0.12341174895996565
1568,0.12531544513832768
1569,0.15323680061644318
1570,0.13802301164015932
1571,0.054159241449674066
1572,0.1147561717993426
1573,0.040887882485072156
1574,0.16464821828847062
1575,0.18098672301745666
1576,0.1269071187705
1577,0.13479949595607535
1578,0.05415924144967397
1579,-0.000654153750735652
1580,0.009603139146994625
1581,0.09348412437451102
1582,0.00045836801740274815
1583,0.1131544560622354
1584,0.12124982722613653
1585,0.05873557212712301
1586,0.06384054790007024
1587,0.03875752165246668
1588,0.0689534138983236
1589,0.0620688336722806
1590,0.017248767468456782
1591,0.012727668368149444
1592,0.023671410867497186
1593,0.021572610936115382
1594,0.043044065873224506
1595,0.08877581174648994
1596,0.10611135403686375
1597,0.13033147655328076
1598,0.12179640465187547
1599,0.007859399354380575
1600,0.039775360716933786
1601,0.06836523346642573
1602,0.11889064985965851
1603,0.012534054377949666
1604,0.05988180667611403
1605,-0.02320872143438824
1606,0.06247553892214153
1607,0.07984407670015854
1608,0.04679622665280685
1609,0.03076257153791405
1610,0.11737429201449755
1611,0.08972048690357456
1612,0.008040874536417249
1613,0.036512393906320106
1614,0.0028648867357164306
1615,0.02783242877656936
1616,0.10665291041013555
1617,0.10212392108452231
1618,0.03000726178817203
1619,0.04747622061553741
1620,0.03171944067956248
1621,0.09562237543242247
1622,0.12248070237386406
1623,0.1248147744780051
1624,0.0918702146528401
1625,0.08506525397306615
1626,0.06340658550824325
1627,0.06274380658254383
1628,0.047878622106140724
1629,0.09664810472219545
1630,0.14154994235191726
1631,0.023144917651627645
1632,0.027237792705784896
1633,0.06430607119312116
1634,0.034575702240315066
1635,0.21607455495300032
1636,0.09836817383889178
1637,0.0951052070282782
1638,0.060321507413618185
1639,0.1138487958891586
1640,0.02249146353765324
1641,0.05040349420404357
1642,0.041126741123879484
1643,0.060449902898142234
1644,0.032319097802814424
1645,0.09087245979824272
1646,0.08766902832402826
1647,0.06118369385159529
1648,0.020894051559803967
1649,0.05030307315469517
1650,0.03967278778795638
1651,0.0972656941756882
1652,0.05795443982183429
1653,0.07880041508014463
1654,0.10437263529671711
1655,0.10931980656354542
1656,0.14839076769217285
1657,0.11326491921651861
1658,0.052015252046085585
1659,0.06325093288175325
1660,0.025770210798878847
1661,-0.0516328994524555
1662,0.0013973048288104515
1663,0.04125083284914582
1664,0.10584810742892914
1665,0.01711463363825563
1666,0.04349380871566338
1667,0.11856141227643757
1668,0.01358985480612648
1669,0.04967759347589649
1670,0.05019691375966967
1671,0.15642445164004548
1672,0.06017948335811123
1673,0.07625402418595294
1674,0.10443211545671567
1675,0.02113075831898235
1676,0.09735033477442477
1677,0.05283368359827505
1678,0.03715580591535955
1679,0.068626879958739
1680,0.029518067819203443
1681,0.04190572154953912
1682,-0.005344534048516005
1683,0.0005315319247852907
1684,-0.0022085281360071174
1685,0.06858257330894414
1686,-0.0011117868184805017
1687,0.008593190307833426
1688,0.09310539355982557
1689,0.07984192482052971
1690,-0.004985887443700198
1691,0.04227727943212839
1692,0.065663189945744
1693,0.023536559744086374
1694,0.10864339906686295
1695,0.12215416843427959
1696,0.03648635064517041
1697,0.031266056194674686
1698,0.02657716565971438
1699,0.041148259920168476
1700,0.048446718328168756
1701,0.049729955880199524
1702,0.1468499667014836
1703,0.07810822713285026
1704,0.06832412704787381
1705,0.09457297546673168
1706,0.08828016213863447
1707,0.1451968265588861
1708,0.06564740949513204
1709,0.07547074000103526
1710,0.0780113925495501
1711,0.10767074947460263
1712,0.16468910400141962
1713,0.09450483261181666
1714,0.07145461532030868
1715,0.09736468063861733
1716,0.03532527364438001
1717,0.06241456899932285
1718,0.0001822101316946427
1719,-0.006003726508167306
1720,0.06481893583800775
1721,0.05431704595579298
1722,0.1384849484671619
1723,0.09343893490230433
1724,0.012498851834277002
1725,0.11286251772591545
1726,0.15599837947352443
1727,0.10532735255873657
1728,0.11649991159195672
1729,0.08977571848071621
1730,0.06573420197349743
1731,0.09103026430436167
1732,0.09696371373443334
1733,0.08399218333145744
1734,0.1190563445910833
1735,0.13978755293585274
1736,0.07700503017643709
1737,0.1359493169711146
1738,0.13128619381530035
1739,0.1893109107152302
1740,0.17169203760705193
1741,0.13032358632797483
1742,0.06159972391318148
1743,0.09117444023949743
1744,0.09432048825694135
1745,0.10089950157568138
1746,0.1111976801863607
1747,0.19139393019600007
1748,0.12459743463548668
1749,0.17806733965425653
1750,0.13647796206661303
1751,0.1656165641214731
1752,0.11641311911359123
1753,0.1457253061251823
1754,0.10917204416236144
1755,0.11451946504016401
1756,0.10239218874492455
1757,0.22067455630636731
1758,0.17004298051810898
1759,0.1641884333410969
1760,0.1568663042571786
1761,0.16281553413786218
1762,0.2091627175849914
1763,0.19429753310858833
1764,0.16040112519424243
1765,0.22035105706882335
1766,0.11895807542136382
1767,0.17986057267833513
1768,0.1474295947912666
1769,0.1268913383198881
1770,0.14581998882885355
1771,0.10782855398072158
1772,0.08115385410094565
1773,0.19369715869212673
1774,0.13267608734996308
1775,0.14227297390722587
1776,0.12579459700236167
1777,0.10359939321673427
1778,0.23369342806117874
1779,0.106289960046062
1780,0.1372590943719017
1781,0.12107624226940569
1782,0.12763301949864705
1783,0.08231371722091978
1784,0.12630746164724804
1785,0.07562065428184823
1786,0.1324144960340507
1787,0.13714074099231252
1788,0.1674865475189824
1789,0.15179288938545507
1790,0.18335379060924065
1791,0.18849391374945998
1792,0.24994729219142842
1793,0.23098708078123906
1794,0.22167876679985132
1795,0.1492285661610225
1796,0.1943290940098122
1797,0.17212599999887887
1798,0.2123424783832878
1799,0.16457505438108824
1800,0.18788277993485392
1801,0.18505807927532503
1802,0.23004025374452558
1803,0.1952206894693841
1804,0.09809416783281254
1805,0.13994177097592353
1806,0.17248106013764644
1807,0.11193147113981372
1808,0.1384268477171818
1809,0.20302412229696512
1810,0.13402768846251198
1811,0.17518740741758626
1812,0.1647866558779295
1813,0.14109374387059154
1814,0.19224728840985855
1815,0.22013084805346658
1816,0.1844110808002375
1817,0.19440010603756572
1818,0.12397984518199395
1819,0.17967694561666955
1820,0.09343678302267522
1821,0.11754142133234159
1822,0.09769750468788631
1823,0.13721175302006597
1824,0.07997605865073079
1825,0.04619800411597412
1826,0.11536371914790039
1827,0.1334739381046763
1828,0.1716446962552162
1829,0.13840317704126395
1830,0.07107588450562317
1831,0.06835375677507166
1832,0.017485474227635064
1833,0.15451860358205466
1834,0.11588806048414105
1835,0.16758123022265387
1836,0.10115557525151989
1837,0.11679184992827668
1838,0.1041911601146803
1839,0.08605153213630945
1840,0.07528137459369261
1841,0.11852554761595605
1842,0.14746115569249044
1843,0.12227412192949012
1844,0.1141959658026202
1845,0.14881038421980722
1846,0.13785086126984766
1847,0.16560867389616726
1848,0.13501827038501296
1849,0.16863852041365057
1850,0.15961999288895376
1851,0.16949066474669292
1852,0.17326864808182194
1853,0.15450624406828878
1854,0.2302719394512367
1855,0.21144299269840983
1856,0.22694728542459466
1857,0.24382447735401394
1858,0.28699190000284686
1859,0.18651633637050585
1860,0.15529830130092417
1861,0.129850172809618
1862,0.1236247850432263
1863,0.18323543722965147
1864,0.19366631508411267
1865,0.1390759980718982
1866,0.21388107231794729
1867,0.16425155514354436
1868,0.24650500207840687
1869,0.2360447152023508
1870,0.157126681692275
1871,0.2540129101036197
1872,0.19649101574364142
1873,0.1962858698856868
1874,0.12235302418254963
1875,0.09860488059807015
1876,0.15491741860660987
1877,0.18557883414551754
1878,0.2306083499665538
1879,0.09645300096917574
1880,0.0902649124496848
1881,0.12867452923903192
1882,0.19062857834132327
1883,0.07205427244356048
1884,0.11260214029081912
1885,0.15967522446609547
1886,0.1691356046079252
1887,0.16284279127982812
1888,0.21167396111191122
1889,0.1088700637211066
1890,0.14736073464314192
1891,0.11177488051451118
1892,0.20007317803254107
1893,0.15218166230507532
1894,0.09212987479472669
1895,0.15288963070298142
1896,0.10309441879715373
1897,0.12320660310201118
1898,0.17981896967217675
1899,0.16224313415657626
1900,0.11861449197395037
1901,0.13670677860048536
1902,0.19957179007900874
1903,0.18212291546151313
1904,0.1653863130011813
1905,0.17611415024443003
1906,0.12075632949790992
1907,0.17044538200871237
1908,0.15543602159717326
1909,0.16411742131334328
1910,0.1899815798662356
1911,0.16571124682514438
1912,0.14611981739047958
1913,0.1493548097659174
1914,0.15311055701154808
1915,0.12218087381223812
1916,0.16903303167894781
1917,0.15966733424078935
1918,0.18454521463043858
1919,0.17282033982580233
1920,0.15659014637147048
1921,0.21080388444862813
1922,0.25405666498940727
1923,0.16689047686177877
1924,0.1823517319953854
1925,0.15371021413479993
1926,0.19324024291759156
1927,0.14631276926387038
1928,0.15252954951174644
1929,0.209509887498453
1930,0.11075941403527585
1931,0.16191963491903238
1932,0.12949511267085043
1933,0.1983652477240079
1934,0.20713492968136316
1935,0.20572544852443733
1936,0.16562445434677903
1937,0.1411303258242828
1938,0.17165258648052217
1939,0.16026914324367042
1940,0.14212736338567059
1941,0.20525705605854788
1942,0.15390746976744865
1943,0.1764283246702487
1944,0.19226974520496015
1945,0.19630286421711504
1946,0.19035242045561507
1947,0.1395472597106262
1948,0.17646921038319763
1949,0.1686148497377327
1950,0.1629181070668394
1951,0.20122515092720927
1952,0.17871075166329603
1953,0.22778364930702485
1954,0.2639682225600952
1955,0.22570062982625505
1956,0.2284148673315007
1957,0.19005259189398926
1958,0.2088155476715298
1959,0.23875895270759637
1960,0.26161908729855204
1961,0.2544920619676535
1962,0.2618299715021838
1963,0.26028563922184716
1964,0.19625006040160584
1965,0.22573219072747883
1966,0.20532806808630136
1967,0.22028793526637588
1968,0.15005703981814678
1969,0.13594142674580856
1970,0.13315617721280965
1971,0.20185636895168507
1972,0.17600799084940458
1973,0.19041410767164343
1974,0.2166899925268643
1975,0.2397789436516923
1976,0.1592606289909285
1977,0.13948413790817857
1978,0.17437471421107362
1979,0.2090995957825437
1980,0.23859325797617154
1981,0.2823694418543786
1982,0.24653871485925963
1983,0.22695302377027154
1984,0.20261383058105595
1985,0.13518396511643774
1986,0.12803398640283117
1987,0.20215045916763386
1988,0.15682685313064879
1989,0.16896990987650035
1990,0.19548106690448033
1991,0.22320731862957596
1992,0.16035378384240698
1993,0.19901158408228647
1994,0.16021965001220584
1995,0.1687805444691576
1996,0.20475208163896727
1997,0.18673869726549167
1998,0.17305704658498058
1999,0.15922548162365655
2000,0.12693078944641786
2001,0.1367490988998539
2002,0.19456580076899055
2003,0.1940134849975743
2004,0.1268045458415227
2005,0.17372771573598605
2006,0.16424366491823852
2007,0.17323063154171137
2008,0.21780610076105086
2009,0.13103370660550986
2010,0.16414109198926108
2011,0.16963268880219975
2012,0.17839083889180027
2013,0.2601020121601815
2014,0.22489582684504858
2015,0.25032960947216204
2016,0.17896682533913455
2017,0.1747570314918072
2018,0.20456271623162461
2019,0.23858536775086556
2020,0.22815813153885325
2021,0.19387146094206714
2022,0.22889975754121164
2023,0.19446322784001333
2024,0.2165874195978869
2025,0.261482801588722
2026,0.21266597762083167
2027,0.2361630685819401
2028,0.2114193220224921
2029,0.17254418194009408
2030,0.1782746373918401
2031,0.16754966932143003
2032,0.22455224339763505
2033,0.1692776286634324
2034,0.20314247567655416
2035,0.20574625002751662
2036,0.20530439741038375
2037,0.258831685885924
2038,0.1971695751199528
2039,0.1726166285542667
2040,0.21282378212695055
2041,0.235279363347674
2042,0.21579050684198633
2043,0.1707043248573891
2044,0.14161449874078405
2045,0.14781047748558088
2046,0.23063991086777758
2047,0.24074728948469487
2048,0.2255270448695243
2049,0.2179603188011217
2050,0.23651812872070754
2051,0.2210769577969704
2052,0.2503812545832554
2053,0.1286903096896438
2054,0.18680181906793913
2055,0.22229205249408626
2056,0.1683544723026365
2057,0.12412258653071045
2058,0.1270254721500892
2059,0.18675447771610362
2060,0.11743884840336428
2061,0.14946527292020068
2062,0.19197477216659947
2063,0.15798241249136524
2064,0.18119545534145942
2065,0.239382280506766
2066,0.21572738503953887
2067,0.22453144189455568
2068,0.22524514863813908
2069,0.24998674331795803
2070,0.2521960064036232
2071,0.2282283710969965
2072,0.18214658613743087
2073,0.18829307165076312
2074,0.20222356789861548
2075,0.12236234899427487
2076,0.13961038151307362
2077,0.1693192316695908
2078,0.12295411589222083
2079,0.13829916952586732
2080,0.19401469887839048
2081,0.18744307919734976
2082,0.16568757614922658
2083,0.1910479741633548
2084,0.17275721802335467
2085,0.19505499473795915
2086,0.20805808604215884
2087,0.2064169191785221
2088,0.19619118718201548
2089,0.21852052479784395
2090,0.1775702554599819
2091,0.12418068728069047
2092,0.11133970424186776
2093,0.12369943871342876
2094,0.19206029558774773
2095,0.14540969711294435
2096,0.19078136179497474
2097,0.17034639554578324
2098,0.19002467263521414
2099,0.16922239708629047
2100,0.15907556734284345
2101,0.10359939321673434
2102,0.14608615978602757
2103,0.14380296032336987
2104,0.12302512791997443
2105,0.17210232932296113
2106,0.1975827360087006
2107,0.13993388075061755
2108,0.16871742266671014
2109,0.2150646061138393
2110,0.09095136205130223
2111,0.1272385082333497
2112,0.12540295490990283
2113,0.1128331087043205
2114,0.17965906846282967
2115,0.10680282469094846
2116,0.12103392197003744
2117,0.10435685484610509
2118,0.15659229825109944
2119,0.11571877928666796
2120,0.19767670141916227
2121,0.11429853873159765
2122,0.19251721136228295
2123,0.14055720854978737
2124,0.18422386727252374
2125,0.19282570261882528
2126,0.23726770012477252
2127,0.13839103823310106
2128,0.14054501456522356
2129,0.19644731603425483
2130,0.15855602635346727
2131,0.10915411183212057
2132,0.13620969440621078
2133,0.17036504516923354
2134,0.17408277587475365
2135,0.1830955650537734
2136,0.1686385204136505
2137,0.12807056835652228
2138,0.1487393721920537
2139,0.1522584126785058
2140,0.18973554829533207
2141,0.15284228935114597
2142,0.20024676298927188
2143,0.11232598240511105
2144,0.08804130349982725
2145,0.12085531596083914
2146,0.0893259756382771
2147,0.16822822869774126
2148,0.1328090072993479
2149,0.12295626777184974
2150,0.21668999252686436
2151,0.16655908739892905
2152,0.17367248415884448
2153,0.14274351825274406
2154,0.14026527021346732
2155,0.1595834109352627
2156,0.11423326504952105
2157,0.1374958011310801
2158,0.12904536982841144
2159,0.1751085051645267
2160,0.25295346803299396
2161,0.18889272877401506
2162,0.18786556489782277
2163,0.12407452788566528
2164,0.17240215788458707
2165,0.23307799048731503
2166,0.14641964595210544
2167,0.21056717768944974
2168,0.2102537205568409
2169,0.200113843039887
2170,0.1499150157626398
2171,0.2014381870104698
2172,0.1673244392536057
2173,0.1666186227353283
2174,0.19420285040491714
2175,0.21366373247542897
2176,0.18447420260268524
2177,0.21702502363216278
2178,0.22080869013656826
2179,0.1848063093587444
2180,0.1521321690736106
2181,0.17116339251155344
2182,0.17992369448078277
2183,0.1724731699123406
2184,0.1930429872849428
2185,0.07397948741821142
2186,0.12036181823261265
2187,0.15754342904707067
2188,0.21323407384285975
2189,0.1868175995185511
2190,0.13884502965839687
2191,0.13550746435398167
2192,0.1080100291627584
2193,0.17705810810830508
2194,0.1600697357313928
2195,0.20386048617939523
2196,0.24978518392605165
2197,0.16509580925128067
2198,0.13391579072180923
2199,0.21170458401432257
2200,0.17995310350237764
2201,0.14062822057754082
2202,0.20366323054674682
2203,0.23639977534111842
2204,0.1904707738352044
2205,0.22707855008195726
2206,0.22233150362061607
2207,0.21711965115943335
2208,0.20302412229696518
2209,0.22618552003596595
2210,0.1691972918239535
2211,0.14068345215468245
2212,0.13948838649103562
2213,0.12181792344816456
2214,0.11678395970297077
2215,0.12748597439067264
2216,0.11502443945974469
2217,0.1242165519411722
2218,0.22133733523206672
2219,0.14287693478973548
2220,0.1867308070401856
2221,0.10056165647394487
2222,0.2059908470120009
2223,0.2010989073223141
2224,0.21929376687782662
2225,0.22569919523983573
2226,0.21224779567961624
2227,0.2282491726000757
2228,0.18331003572345314
2229,0.19590570448458233
2230,0.17211810977357295
2231,0.14246879495345532
2232,0.18002626740976013
2233,0.3106137999824311
2234,0.2823603377482564
2235,0.22413047499037178
2236,0.15986458987343813
2237,0.20798779130761497
2238,0.1511695615862853
2239,0.14484949111622208
2240,0.18171549291844236
2241,0.1572471869514928
2242,0.15391535999275455
2243,0.11223129970143965
2244,0.17747557275631057
2245,0.21676889477992367
2246,0.1535509750422618
2247,0.1405256476485635
2248,0.21292635505592777
2249,0.21111949346086617
2250,0.24192293305528095
2251,0.18416648381575312
2252,0.20067283515579307
2253,0.19236442790863129
2254,0.09519486867948204
2255,0.12584982857950316
2256,0.077277601596097
2257,0.16220798678930426
2258,0.23808828355659103
2259,0.13995755142653535
2260,0.09267430034083705
2261,0.12365755982526641
2262,0.21341913549094466
2263,0.14553163695858162
2264,0.15456092388142306
2265,0.15706642906266574
2266,0.19386213613034206
2267,0.1952364699199959
2268,0.21141932202249203
2269,0.23060332891408641
2270,0.20394584407134153
2271,0.15461256899251638
2272,0.15014741876256044
2273,0.19437786994806708
2274,0.26420492931927364
2275,0.16691845129695432
2276,0.21429925425916263
2277,0.13737601316507164
2278,0.19640422326527607
2279,0.1636045566684567
2280,0.2745411244700633
2281,0.16816510689529385
2282,0.17231823457906015
2283,0.15228208335442364
2284,0.1745798600690283
2285,0.14143302355874746
2286,0.13886870033431475
2287,0.11396714926874786
2288,0.07894459101528059
2289,0.15277916754869822
2290,0.18532634693572733
2291,0.10581654652770522
2292,0.07425421071750031
2293,0.07514293700423379
2294,0.09920453772132218
2295,0.11706800781398474
2296,0.21486663318798085
2297,0.1561798546555613
2298,0.12719116688151405
2299,0.135602147057653
2300,0.19171742943354395
2301,0.18208831985824864
2302,0.1106611448655565
2303,0.16946914595040383
2304,0.19250645196413835
2305,0.19647882175907777
2306,0.19963132541540798
2307,0.2125081731147127
2308,0.1684807159075317
2309,0.22106906757166456
2310,0.1563771102882098
2311,0.1399496612012293
2312,0.20608552971567246
2313,0.14764263087452711
2314,0.11195514181573173
2315,0.13218567950017823
2316,0.127343233041956
2317,0.1549489795078336
2318,0.15472016297396118
2319,0.11151328919859865
2320,0.16773903472877283
2321,0.13206732612058888
2322,0.11163738092386485
2323,0.18443833794220343
2324,0.17804366897833865
2325,0.2704303170856652
2326,0.19395825342043263
2327,0.2500656455710175
2328,0.28256333172658205
2329,0.1659737761398696
2330,0.2004519088472265
2331,0.16152153718768697
2332,0.19463681279674402
2333,0.21776162858205383
2334,0.2253613501380995
2335,0.23237934690113402
2336,0.18106132151125856
2337,0.20578570115404637
2338,0.16242102287256469
2339,0.15196647434218583
2340,0.16337574013458428
2341,0.18587866270714345
2342,0.21929376687782662
2343,0.19859417461068163
2344,0.21698193086318432
2345,0.16380468147394397
2346,0.19770611044075725
2347,0.17811468100609226
2348,0.16239735219664703
2349,0.17650364045725989
2350,0.11438102745070518
2351,0.12764449619000118
2352,0.1601061521558819
2353,0.12107624226940569
2354,0.15748174183104258
2355,0.14056868524114144
2356,0.1853342371610333
2357,0.17489762096089487
2358,0.15718980349472242
2359,0.1259602917337863
2360,0.14304262952116054
2361,0.12693078944641795
2362,0.10394656313019594
2363,0.033116010558715034
2364,0.08679321331506845
2365,0.1558169042914877
2366,0.08793061963994098
2367,0.07086284842236272
2368,0.059489392114044914
2369,0.055113958711693695
2370,0.07821653840750471
2371,0.13908030183115594
2372,0.10002512115314055
2373,0.1094309870110383
2374,0.16405429951089573
2375,0.16519838218025792
2376,0.16339797622408292
2377,0.19218295272659466
2378,0.10696062919706754
2379,0.15445978553886486
2380,0.11698910556092537
2381,0.1593832861297755
2382,0.08501791262123048
2383,0.08641735167322165
2384,0.1392158702477764
2385,0.09240316350759639
2386,0.16707625580307325
2387,0.15157196307688864
2388,0.14368173777094198
2389,0.1528587870949673
2390,0.15472303214679953
2391,0.10060110760047462
2392,0.14151981603711272
2393,0.09504274734263947
2394,0.20701657630177397
2395,0.16889459408948912
2396,0.17180250076133508
2397,0.14015602094000038
2398,0.19034453023030903
2399,0.16147419583585115
2400,0.19017883549888423
2401,0.19809273148074855
2402,0.14895456015494307
2403,0.11206560497001467
2404,0.1478162158312581
2405,0.15329992241889073
2406,0.12123619865515335
2407,0.18710953785487114
2408,0.21579050684198628
2409,0.2019546381214045
2410,0.13415823582666475
2411,0.088610117015065
2412,0.19349273012738172
2413,0.19148861289967148
2414,0.17386973979149312
2415,0.19270370759678718
2416,0.11862238219925635
2417,0.11867761377639785
2418,0.16079563645953984
2419,0.12792065407570932
2420,0.14968619922876725
2421,0.1530022457368937
2422,0.13864203568007125
2423,0.16517471150434004
2424,0.1352076357923556
2425,0.13485257565358802
2426,0.2248169245919892
2427,0.2505548395399862
2428,0.18220970793987834
2429,0.20239146968607027
2430,0.12123404677552464
2431,0.20130405318026873
2432,0.17373130220203414
2433,0.16023040941035038
2434,0.2365288881188521
2435,0.2442347690699233
2436,0.17480939389611036
2437,0.2219448825806246
2438,0.2832913843343581
2439,0.1503963195063024
2440,0.12255960462692357
2441,0.21249239266410083
2442,0.1545307975666184
2443,0.1803791756688988
2444,0.12174691142041111
2445,0.14325136184516318
2446,0.12299643619158908
2447,0.1397839664698045
2448,0.19011786557606572
2449,0.2024187268280361
2450,0.20965191155396012
2451,0.16023543046281766
2452,0.12394828428077004
2453,0.09199287179168711
2454,0.1310100359295922
2455,0.08157777438783785
2456,0.14109374387059148
2457,0.162689290532967
2458,0.20708758832952737
2459,0.1429084956909594
2460,0.21079958068937046
2461,0.24194086538552176
2462,0.16617677011819532
2463,0.09913567757319741
2464,0.09791843099645293
2465,0.11098464410310024
2466,0.12026354906289316
2467,0.14777676470472834
2468,0.21198167989884328
2469,0.19365963873962297
2470,0.11085840049820507
2471,0.13153079079978472
2472,0.0945177438895899
2473,0.07169921230479298
2474,-0.0008514093833843186
2475,0.03247690230893337
2476,0.12664674133540382
2477,0.14488105201744578
2478,0.14997388898223016
2479,0.12815736083488763
2480,0.14615496475775164
2481,0.13325875014178687
2482,0.14871928798218406
2483,0.1755976991334955
2484,0.12558945114440698
2485,0.1480529225904364
2486,0.15086184279935333
2487,0.12674142403907515
2488,0.14800558123860066
2489,0.15590369676985305
2490,0.25349789357910435
2491,0.11914313706944865
2492,0.13051295173531763
2493,0.0979973332495123
2494,0.15154829240097076
2495,0.11229442150388727
2496,0.12002684230371465
2497,0.13068510210562895
2498,0.2133839881236728
2499,0.23232052885794408
2500,0.261774739925042
2501,0.25800321222879974
2502,0.19930782617786424
2503,0.14842376317981595
2504,0.17146178648676014
2505,0.1444786505268426
2506,0.18035550499298109
2507,0.10714999460441013
2508,0.1199479400506552
2509,0.12790487362509742
2510,0.12355377301547284
2511,0.12692146463469256
2512,0.16049580789791398
2513,0.1730175954584509
2514,0.14801347146390673
2515,0.1150796710368864
2516,0.1341740162772767
2517,0.1596752244660954
2518,0.1470379526988077
2519,0.11056646216188497
2520,0.17308071726089833
2521,0.18583132135530772
2522,0.16811274449099065
2523,0.12153387533715052
2524,0.15707145011513307
2525,0.09944913470580646
2526,0.07020006949666316
2527,0.0852847456952134
2528,0.05615116469282075
2529,0.0642766621715263
2530,0.13898274995464618
2531,0.07370332953250328
2532,0.06305798100836237
2533,0.13690403423313405
2534,0.09386285518919646
2535,0.0954487904756917
2536,0.1084834426811151
2537,0.07913108724978482
2538,0.13796132442413095
2539,0.08867897716318957
2540,0.08731396818526074
2541,0.091124947008033
2542,0.10630574049667389
2543,0.09530676642018458
2544,0.11485444096906201
2545,0.13414245537605288
2546,0.11496131765729707
2547,0.08297434426699037
2548,0.14067556192937647
2549,0.17672169759298803
2550,0.164443072430516
2551,0.08188907964081785
2552,0.16095344096565886
2553,0.10131122787800978
2554,0.047081709350240114
2555,0.08770058922525224
2556,0.10750505474317777
2557,0.08594895920733228
2558,0.14992362328115535
2559,0.17327797289354716
2560,0.14835275115206242
2561,0.03793693822064824
2562,0.1000882429555881
2563,0.18976065355766916
2564,0.13558923577987955
2565,0.12682821651744056
2566,0.06958750109563783
2567,0.1055403886419971
2568,0.13618602373029298
2569,0.10326011352857851
2570,0.1444628700762308
2571,0.1483685316026743
2572,0.22431984039771463
2573,0.15217951042544633
2574,0.10859247124897906
2575,0.09928559185401045
2576,0.14608395272999783
2577,0.18341023606719864
2578,0.13262753211731115
2579,0.10035866249561924
2580,0.10046697377027354
2581,0.08826868544728034
2582,0.08061152525806349
2583,0.10470617663919574
2584,0.10916200205742661
2585,0.10464090295711928
2586,0.19574359621920542
2587,0.1065288186848693
2588,0.12347845722846143
2589,0.08681903587061517
2590,0.09083300867171297
2591,0.0791475849936063
2592,0.07705524070111126
2593,0.15074348941976407
2594,0.09832872271236202
2595,0.1370460582886411
2596,0.17063474741605517
2597,0.12122615655021866
2598,0.09773695581441605
2599,0.06163343669403416
2600,0.14411570016276906
2601,0.11983604230995273
2602,0.10748927429256581
2603,0.12067384077880232
2604,0.1492285661610225
2605,0.024965407817672362
2606,0.12566835339746643
2607,0.12265428733059482
2608,0.061071078817683026
2609,0.1523767660580952
2610,0.09654553179321829
2611,0.05499560533210429
2612,0.10853867425825667
2613,0.12897435780065805
2614,0.16261038827990748
2615,0.11697332511031343
2616,0.12264998357133715
2617,0.15530045318055294
2618,0.13574632299278896
2619,0.17396138779312365
2620,0.11051123058474341
2621,0.1387489123683063
2622,0.08729029750934308
2623,0.15185601118790262
2624,0.13321356066958012
2625,0.158278654586943
2626,0.17718363441999052
2627,0.14759528952269152
2628,0.15258191191604972
2629,0.19369787598533644
2630,0.13533387939725078
2631,0.1442261633170524
2632,0.1122391899267457
2633,0.11046388923290767
2634,0.15354451940337507
2635,0.21026370748537496
2636,0.16226321836644583
2637,0.18260421920517567
2638,0.15238465628340095
2639,0.24646770283150596
2640,0.19325602336820338
2641,0.23411161000239394
2642,0.12955034424799206
2643,0.0923400417051487
2644,0.14105429274406187
2645,0.17098980755482254
2646,0.1844584221520731
2647,0.14978088193243871
2648,0.1640306288349778
2649,0.15640078096412768
2650,0.16562445434677908
2651,0.19658426386089356
2652,0.18728312281160203
2653,0.17842239979302416
2654,0.20295796579247669
2655,0.18064744332930105
2656,0.1894687152213491
2657,0.20648793120627562
2658,0.23624197083499948
2659,0.2826838369858002
2660,0.27550731842343684
2661,0.2290539755812822
2662,0.1899500189650119
2663,0.19151228357558928
2664,0.2733654808994774
2665,0.20435254932120253
2666,0.23324368521873984
2667,0.18371674097331414
2668,0.19692012261220318
2669,0.19161485650456644
2670,0.21082827241775567
2671,0.19683818565710295
2672,0.18746316340721952
2673,0.16063783195342096
2674,0.14940215111775326
2675,0.09011499816887183
2676,0.14157504761425435
2677,0.10424639169182194
2678,0.08525748855324737
2679,0.06831789211459013
2680,0.09483693936787596
2681,0.10507486534894622
2682,0.1552330276188475
2683,0.19444744738940137
2684,0.1832038763284277
2685,0.16689478062103638
2686,0.11825512807592498
2687,0.19581460824695882
2688,0.16717093850674458
2689,0.2357922279925605
2690,0.1720076466192896
2691,0.2294879379731093
2692,0.21586151886973995
2693,0.25204178836355234
2694,0.25386873416848366
2695,0.2709905230823873
2696,0.2296615229298402
2697,0.2455287660200986
2698,0.19253801286536218
2699,0.19301357826334786
2700,0.19041554225806276
2701,0.2169503699619604
2702,0.22781521020824877
2703,0.2047994229908031
2704,0.1992368141501108
2705,0.1595647613118122
2706,0.193013578263348
2707,0.13970506421674514
2708,0.16627934304717268
2709,0.11716269051765628
2710,0.14907076165490354
2711,0.19553988494767
2712,0.16991673691321396
2713,0.16990095646260192
2714,0.1997217043598217
2715,0.17985842079870637
2716,0.15079083077159974
2717,0.15462548027028963
2718,0.14976510148182676
2719,0.14636441437496392
2720,0.13396522877687317
2721,0.09881791668133068
2722,0.05793076914591639
2723,0.0820354074555828
2724,0.07375067088433901
2725,0.17205857443717357
2726,0.11420385602792625
2727,0.10094827751393629
2728,0.06563808468340689
2729,0.08913661023093451
2730,0.086856335117516
2731,0.08881311099339058
2732,0.12825204353855904
2733,0.1134779552997792
2734,0.07133626194071935
2735,0.09373517699788197
2736,0.07842957449076524
2737,0.08643815317630081
2738,0.14344503101176365
2739,0.17827248551221128
2740,0.11541895072504202
2741,0.13344022532382374
2742,0.10176097072044882
2743,0.16308380179826434
2744,0.20684299134504328
2745,0.15730815687431154
2746,0.2059736319749698
2747,0.17858809452444901
2748,0.16595584380962888
2749,0.22175408258686247
2750,0.13716441166823032
2751,0.19637266236405215
2752,0.1335427982528009
2753,0.17488757885596007
2754,0.12955823447329803
2755,0.1720707684217372
2756,0.21151615660579215
2757,0.14970986990468518
2758,0.18681759951855118
2759,0.12031878064003466
2760,0.15071192851854037
2761,0.17379872776373945
2762,0.17713629306815493
2763,0.19749307435749655
2764,0.21826803758805363
2765,0.2527562124003454
2766,0.15812371925366256
2767,0.16025121091342948
2768,0.14290849569095934
2769,0.13243027648466246
2770,0.16345464238764387
2771,0.16374658072396384
2772,0.1658640302787959
2773,0.15360764120582276
2774,0.15836544706530828
2775,0.2440690743384983
2776,0.20365534032144098
2777,0.2843565647506608
2778,0.20894968150173088
2779,0.23262394388561833
2780,0.2989298108907438
2781,0.12075274303186183
2782,0.20057815245212174
2783,0.09385496496389048
2784,0.21207421072288563
2785,0.19060490766540547
2786,0.14142513333344134
2787,0.13775474397975696
2788,0.23709411516804169
2789,0.24698845770169853
2790,0.25488657323295094
2791,0.21096025436832797
2792,0.1953218278119422
2793,0.2117141295316507
2794,0.18107351549582215
2795,0.09204021314352284
2796,0.15184668637617732
2797,0.19713801421872923
2798,0.17146178648676025
2799,0.148100263942272
2800,0.1812865515790826
2801,0.22124336982160486
2802,0.20621177332056728
2803,0.1818309771251929
2804,0.19355585192982933
2805,0.16638980620145583
2806,0.20685948908886467
2807,0.20028621411580178
2808,0.2650491834270098
2809,0.16749443774428832
2810,0.1380086657759665
2811,0.15341827579847991
2812,0.18389032593004498
2813,0.11956131901066377
2814,0.1279959698627206
2815,0.10535891345996035
2816,0.05651841881615202
2817,0.10049064444619148
2818,0.11246800646061804
2819,0.13583885381683133
2820,0.10855445470886856
2821,0.06763574627223046
2822,0.10548515706485552
2823,0.11713112961643223
2824,0.19245911061230275
2825,0.10183198274820228
2826,0.10415959921345645
2827,0.08373969612166716
2828,0.1521874006507523
2829,0.13702310490593306
2830,0.19330336472003898
2831,0.13514451398990804
2832,0.1206817310041083
2833,0.10941807573326498
2834,0.10430162326896351
2835,0.09125119061292818
2836,0.13136509606835972
2837,0.21997160896092832
2838,0.18657300253406686
2839,0.1655534423190255
2840,0.1940923872506338
2841,0.1625415281317828
2842,0.18134967338153035
2843,0.17545926154403646
2844,0.1888690580980972
2845,0.1792666539007604
2846,0.1439263347554264
2847,0.23226529728080245
2848,0.20741108756707122
2849,0.1277592631035423
2850,0.1156951086107501
2851,0.16405429951089567
2852,0.12351432188894294
2853,0.14307419042238412
2854,0.19479820376891127
2855,0.13090746300061484
2856,0.15728448619839375
2857,0.14812608649781886
2858,0.12549118197468742
2859,0.09854964902092865
2860,0.15268807131107498
2861,0.14759528952269152
2862,0.23515598891561731
2863,0.18420450035586364
2864,0.1437606400240015
2865,0.0910223740790557
2866,0.10438052552202282
2867,0.031285478287735355
2868,-0.004955761128895707
2869,0.054727337671702236
2870,0.06260967275234261
2871,0.09465976794509696
2872,0.11930883180087358
2873,0.07763387561568098
2874,0.034591482690926954
2875,0.024286848441360948
2876,0.04759457399512668
2877,0.021233331247959727
2878,0.10855732388170726
2879,0.15119323226220296
2880,0.03414963007379399
2881,0.10707109235135069
2882,0.14194588820363396
2883,0.15449923666539467
2884,0.08542892163034951
2885,0.06480315538739577
2886,0.15860215382448675
2887,0.2054385312405847
2888,0.07472905882227633
2889,0.10192953462471219
2890,0.1411016340958976
2891,0.11759665290948323
2892,0.06287220206706784
2893,0.14797402033737697
2894,0.12518991882664218
2895,0.06847211015466093
2896,0.09397331834347974
2897,0.05132665056483928
2898,0.15500421108497517
2899,0.04418599666295777
2900,0.10892529529824817
2901,0.10097194818985415
2902,0.20470832675317985
2903,0.16926184821282036
2904,0.124540051178716
2905,0.14691673014638007
2906,0.1499602052348466
2907,0.08705359075016464
2908,0.10961963512517144
2909,0.1292505156863662
2910,0.07824020908342251
2911,0.1595174199599765
2912,0.15302376453318264
2913,0.1290848209549412
2914,0.11403027107119548
2915,0.0830690269706617
2916,0.0852703998310207
2917,0.1107637177945336
2918,0.06231773441602268
2919,0.07304844083210983
2920,0.12279631138610195
2921,0.053151444490141815
2922,0.07428720620514348
2923,0.03817364497982662
2924,0.06265701410417837
2925,0.06299629379233407
2926,0.08532563140816234
2927,0.12181003322285865
2928,0.026290965669071353
2929,0.031214466259981966
2930,0.09796577234828853
2931,0.11721792209479785
2932,0.028279302446169767
2933,0.07654381064264398
2934,0.06607348166165308
2935,0.19712223376811722
2936,0.1288875653222925
2937,0.02305597329363332
2938,0.1377009469890347
2939,0.19288518277882385
2940,0.13460797866910373
2941,0.16433619574228095
2942,0.09119595903578653
2943,0.14496784449581135
2944,0.1093276967888514
2945,0.12748525709746306
2946,0.04078530955609485
2947,0.13744056955393852
2948,0.04065332760552271
2949,0.06893763344771171
2950,0.058853925506712174
2951,0.031477712867916646
2952,0.012777878892823676
2953,0.08437091414614288
2954,0.08988618163499942
2955,0.043097145570737065
2956,0.11844090701721947
2957,0.09137313045856545
2958,0.11281517637407965
2959,0.11586725898106175
2960,0.1083098577243844
2961,0.21297728287381168
2962,0.12572358497460806
2963,0.09376817248552499
2964,0.127625129273341
2965,0.09518841304059532
2966,0.1361293575667321
2967,0.15201381569402134
2968,0.09758704153360309
2969,0.1136199793552862
2970,0.24174934809854998
2971,0.08919305568889242
2972,0.11529270712014679
2973,0.09100874550807264
2974,0.07862683012341386
2975,0.15468071184743135
2976,0.1354586884157266
2977,0.15972256581793112
2978,0.09604844759894358
2979,0.07083128752113887
2980,0.0706103612125723
2981,0.10790745623378102
2982,0.09411534239898667
2983,0.11889854008496435
2984,0.14422616331705235
2985,0.19961554496479603
2986,0.11690231308255997
2987,0.12296989634283272
2988,0.09314484468635519
2989,0.08599630055916781
2990,0.11473250112342459
2991,0.0817197984433449
2992,0.18153114856356703
2993,0.17439838488699147
2994,0.21091434760291142
2995,0.18688861154630462
2996,0.18273835303537683
2997,0.22484848549321304
2998,0.23026118005309215
2999,0.21953836386231082
3000,0.19413183837716347
3001,0.14959940675040195
3002,0.24638091035314066
3003,0.24399304125827723
3004,0.22782381772676422
3005,0.23545294830440475
3006,0.1687410933426278
3007,0.1697826030830128
3008,0.19533473908971552
3009,0.22545603284177076
3010,0.1765918675220445
3011,0.18657300253406667
3012,0.21762103911296596
3013,0.21519873994404032
3014,0.1674628768430646
3015,0.20443647262672945
3016,0.23541349717787513
3017,0.17039804065687655
3018,0.19432120378450599
3019,0.1860938506700329
3020,0.240439570697763
3021,0.21859153682559743
3022,0.17660621338623728
3023,0.13297470203077283
3024,0.17369830671439113
3025,0.27484884325699527
3026,0.2890749194836167
3027,0.24113391052468622
3028,0.16419632356640265
3029,0.18319598610312166
3030,0.13564159818418262
3031,0.13055455474147623
3032,0.10773387127705018
3033,0.14481003998969233
3034,0.10558772999383283
3035,0.09045427785702753
3036,0.16957745722505826
3037,0.13946046723226077
3038,0.062207271261739465
3039,0.08553292914574592
3040,0.18057858318117634
3041,0.17868277722812034
3042,0.20965980177926605
3043,0.17163680602991022
3044,0.15528825919598935
3045,0.15860215382448675
3046,0.09364192888062983
3047,0.09604055737363767
3048,0.14242719194729672
3049,0.1391864612261816
3050,0.16409733710347366
3051,0.17599221039879268
3052,0.15847447563317232
3053,0.14171563708334217
3054,0.07861893989810795
3055,0.13969717399143916
3056,0.11295720042958671
3057,0.08086765411030268
3058,0.10937503814068707
3059,0.10294522180955042
3060,0.0837640840907947
3061,0.14810026394227221
3062,0.11313867561162358
3063,0.1376701033810205
3064,0.19881863220889545
3065,0.1493469195406117
3066,0.1309964073586091
3067,0.20193527120474444
3068,0.19766665931422744
3069,0.14185120549996263
3070,0.17591330814573325
3071,0.17771227951548893
3072,0.17508483448860876
3073,0.1165630333944042
3074,0.1464354264027173
3075,0.1393105529514478
3076,0.2057778109287403
3077,0.14625395122068072
3078,0.2249116072956604
3079,0.1612963071198625
3080,0.1301421111459379
3081,0.1648935325661645
3082,0.15196647434218583
3083,0.17900627646566417
3084,0.15585635541801737
3085,0.101221566226806
3086,0.17091090530176317
3087,0.2154670076044426
3088,0.16575858817698017
3089,0.16436990852313357
3090,0.12361689481792039
3091,0.1595253101852825
3092,0.14462067458234976
3093,0.07423986485330768
3094,0.18434795899779
3095,0.1466247918100601
3096,0.13646521631804184
3097,0.16994040758913168
3098,0.20066064117122934
3099,0.20970714313110164
3100,0.16220798678930431
3101,0.17054006471238375
3102,0.154829191541825
3103,0.17629992918572454
3104,0.19365053463350065
3105,0.1416840761821184
3106,0.14890506692347863
3107,0.11545051162626586
3108,0.0983997347401157
3109,0.18991845806378804
3110,0.13807178757841432
3111,0.14099282623363676
3112,0.1996075995630895
3113,0.1464512068533294
3114,0.13117573066101706
3115,0.18964875581696664
3116,0.15236170290069276
3117,0.17186777444341153
3118,0.1819493305047823
3119,0.2829126535196726
3120,0.2534584424525746
3121,0.1800814989869017
3122,0.20933988900777045
3123,0.1590518966669256
3124,0.15446193741849376
3125,0.18079161926443707
3126,0.25474454917744366
3127,0.17946390953340896
3128,0.20213252683739313
3129,0.13601243877356228
3130,0.1579185733957079
3131,0.16666596408716403
3132,0.19993904420234004
3133,0.19438791205300185
3134,0.17674967202816358
3135,0.15879151923182946
3136,0.15832599593877855
3137,0.19638055258935821
3138,0.1542661163722643
3139,0.23810478130041252
3140,0.29133152392111744
3141,0.2616484963201469
3142,0.21074291452580957
3143,0.23530159943717274
3144,0.11816474913151126
3145,0.1664644046952575
3146,0.18812163857366113
3147,0.15482273590293855
3148,0.21036992205680113
3149,0.2524563838387195
3150,0.22893562220169303
3151,0.19761142773708595
3152,0.30011334468663564
3153,0.27531436655004615
3154,0.2687733697714164
3155,0.1906917001437709
3156,0.1969013074595507
3157,0.24778537045759902
3158,0.24443991492787784
3159,0.21747901505745876
3160,0.2698937817648609
3161,0.2841750895686238
3162,0.27911745514751235
3163,0.2506731929195755
3164,0.24995518241673426
3165,0.22428827949649063
3166,0.2645599894580413
3167,0.255446779229673
3168,0.18268599063107369
3169,0.23330680702118745
3170,0.28230725805074336
3171,0.3091949940137801
3172,0.1963884428146641
3173,0.21948313228516933
3174,0.2681105908457171
3175,0.1724731699123404
3176,0.24987628016367494
3177,0.19911846077052162
3178,0.2668481547967655
3179,0.2792515889777135
3180,0.2270577485788779
3181,0.2308341317983853
3182,0.2677713111575614
3183,0.1674392061671468
3184,0.1968446412959897
3185,0.16170301236972384
3186,0.1511064397838377
3187,0.16885155649691114
3188,0.16696579264878997
3189,0.16458509648602312
3190,0.17433040756127866
3191,0.12231197294039847
3192,0.22581109298053825
3193,0.23666804300152045
3194,0.1838372462325323
3195,0.23775689409374126
3196,0.24614420359396214
3197,0.20074020554109762
3198,0.22619771402052963
3199,0.16049580789791384
3200,0.1676522422504074
3201,0.18237540267130342
3202,0.26576719392985093
3203,0.24097610601856728
3204,0.24571024120213514
3205,0.2222052600157207
3206,0.167699583602243
3207,0.2535452349309399
3208,0.25331641839706753
3209,0.20884137022707658
3210,0.2692546735150793
3211,0.25225912820607066
3212,0.20344230423818016
3213,0.2718900087672653
3214,0.23343305062608263
3215,0.25027868165427813
3216,0.21733699100195203
3217,0.23748288808766188
3218,0.21016047243958882
3219,0.19935516752969992
3220,0.19956031338765468
3221,0.20789239131073398
3222,0.27400458914925896
3223,0.1820755741096774
3224,0.2945744065218612
3225,0.2731366643656048
3226,0.22063510517983748
3227,0.23045054546043495
3228,0.2097265652241625
3229,0.15681107268003688
3230,0.16135584245626197
3231,0.12482768575577842
3232,0.17928243435137237
3233,0.1600697357313928
3234,0.11901761075776328
3235,0.20285842756554026
3236,0.18803269421566693
3237,0.18800113331444304
3238,0.25526745592726524
3239,0.22401212161078266
3240,0.22794145381314382
3241,0.2081369882952184
3242,0.2595683460122155
3243,0.22344689456159297
3244,0.320399113948224
3245,0.2470279088282282
3246,0.21856786614967963
3247,0.25368725898644706
3248,0.24595483818661962
3249,0.21142936412742686
3250,0.12238237802774395
3251,0.11199674482189004
3252,0.18501432438953766
3253,0.21655872786950184
3254,0.20258226967983212
3255,0.1586416049510165
3256,0.23752807755986885
3257,0.1513825976695457
3258,0.1842848371953424
3259,0.18554225219182635
3260,0.1956309811852933
3261,0.1901867257241903
3262,0.21608244517830638
3263,0.1768285742812231
3264,0.2160587745023885
3265,0.19159907605395476
3266,0.2228522584908083
3267,0.19406871657471605
3268,0.24590749683478388
3269,0.18356682669250124
3270,0.2194831322851691
3271,0.15624297645800886
3272,0.24896890425349102
3273,0.2169934075545384
3274,0.14870781129083
3275,0.1683702527532484
3276,0.20737163644054155
3277,0.10126388652617425
3278,0.1426717889317811
3279,0.11033190728233536
3280,0.16235216272444022
3281,0.14211158293505877
3282,0.15716971928485285
3283,0.1935321812539116
3284,0.15714246214288669
3285,0.16973526173117714
3286,0.18460833643288604
3287,0.11782546944335577
3288,0.11123713131289045
3289,0.18144435608520162
3290,0.10728412843461121
3291,0.14054788373806212
3292,0.25067175833315636
3293,0.22859634251353747
3294,0.13092324345122672
3295,0.11501654923443885
3296,0.15853114179673322
3297,0.1163421070858377
3298,0.17555035778165956
3299,0.20845618377350447
3300,0.11242066510878244
3301,0.20803441536624112
3302,0.17119495341277727
3303,0.22512464337892105
3304,0.15133525631771003
3305,0.23404131526785013
3306,0.13278748850305894
3307,0.15269237507033293
3308,0.2711088764619768
3309,0.23702525501991709
3310,0.2316993529384034
3311,0.22732601623927998
3312,0.19985225172397478
3313,0.21742378348031724
3314,0.22443819377730362
3315,0.09728721297197708
3316,0.270319853931382
3317,0.23321212431751612
3318,0.1834197815845269
3319,0.16313903337540603
3320,0.24393494050829723
3321,0.18526322513327964
3322,0.1531657885886897
3323,0.18849032728341175
3324,0.1541348517149018
3325,0.18570507775041276
3326,0.13484468542828212
3327,0.148841945121031
3328,0.21702927221501997
3329,0.22344402538875446
3330,0.22317575772835224
3331,0.2312001168644997
3332,0.15872050720407593
3333,0.23054522816410605
3334,0.2390695406673668
3335,0.22562172757319568
3336,0.18706219650303554
3337,0.17624469760858275
3338,0.1430698866631263
3339,0.20746847102384192
3340,0.10969853737823088
3341,0.1898790069372583
3342,0.22448553512913927
3343,0.1804422974713465
3344,0.140004892778371
3345,0.10956440354802972
3346,0.1952917014971376
3347,0.1568820847077905
3348,0.18613904014223986
3349,0.1505383435618096
3350,0.16870953244140416
3351,0.1893188009405361
3352,0.21912807214640168
3353,0.27734215445367444
3354,0.1738934104674109
3355,0.23709411516804163
3356,0.21238981973512344
3357,0.15989979241711075
3358,0.1511652578270275
3359,0.22621349447114164
3360,0.20816065897113614
3361,0.23256512584242844
3362,0.26179052037565403
3363,0.25016821849999493
3364,0.2040283327904492
3365,0.1952049090187722
3366,0.1968970037002929
3367,0.19295906397941595
3368,0.20133417949507332
3369,0.22583476365645627
3370,0.2285317861246706
3371,0.16161621989135835
3372,0.23334912732055563
3373,0.21496992341016805
3374,0.2746910387508764
3375,0.22532189901156968
3376,0.27542482970432935
3377,0.26034660914466573
3378,0.2546340860231607
3379,0.2765294612471619
3380,0.30443718815429444
3381,0.2849641120992187
3382,0.2691126494595723
3383,0.22689564031350104
3384,0.18843509570627012
3385,0.23543716785379307
3386,0.18812163857366127
3387,0.1991736923476632
3388,0.16403062883497788
3389,0.13725120414659572
3390,0.15787481850992052
3391,0.18362205826964276
3392,0.2178025142950027
3393,0.18890061899932098
3394,0.21997089166771874
3395,0.23389713933271425
3396,0.20607620490394707
3397,0.18501432438953758
3398,0.21757369776113028
3399,0.177278317123662
3400,0.22819394102293408
3401,0.24923717191389325
3402,0.34307562147751397
3403,0.2955642711511527
3404,0.24281452851485286
3405,0.2305925695159418
3406,0.26716376380900353
3407,0.26946842689154943
3408,0.2713298027705433
3409,0.26722258185219316
3410,0.27671093642919875
3411,0.21586151886973995
3412,0.2657435232539332
3413,0.2755116221826948
3414,0.22232361339531004
3415,0.1898868971625644
3416,0.16831071741684908
3417,0.2353424851501216
3418,0.2466570682388488
3419,0.27294156061258523
3420,0.25090487862628635
3421,0.2371414565198775
3422,0.2572457505994289
3423,0.21672155342808808
3424,0.24408772396194878
3425,0.21925431575129678
3426,0.2794330641597501
3427,0.26180630082626594
3428,0.24762756595148022
3429,0.274170283880684
3430,0.29657852374957167
3431,0.26297405417154596
3432,0.27221637717764763
3433,0.26588554730944014
3434,0.2303006311796219
3435,0.280490354350747
3436,0.2653712480781345
3437,0.2936749208369834
3438,0.24952122002490731
3439,0.27764413489492923
3440,0.29040836756032185
3441,0.27764198301530024
3442,0.2215589788338429
3443,0.1933112549453451
3444,0.22790989291192018
3445,0.2758035605190149
3446,0.24752499302250278
3447,0.24291710144383016
3448,0.24524041414982659
3449,0.3276660114550007
3450,0.23636821443989464
3451,0.2656445367910039
3452,0.30819961174441457
3453,0.2993085417054292
3454,0.2749987575378083
3455,0.23632087308805885
3456,0.21916608868651224
3457,0.2750209936273069
3458,0.19496820225959388
3459,0.2424042367989435
3460,0.2448423164184809
3461,0.2639366616588713
3462,0.24909514785838627
3463,0.24648420057532758
3464,0.20964689050149257
3465,0.22268512917296435
3466,0.28387526100699806
3467,0.2545788544460189
3468,0.27608396698758003
3469,0.27296307940887404
3470,0.20988072808783245
3471,0.2670138495281904
3472,0.3186797621247372
3473,0.2854138549416575
3474,0.2510203628330372
3475,0.21586940909504584
3476,0.2428654563327366
3477,0.18100250346806862
3478,0.20209307571086346
3479,0.18974487310705715
3480,0.16448252355704568
3481,0.17750139531185732
3482,0.14618293919292713
3483,0.2573834708956781
3484,0.18004778620604903
3485,0.17975584786972915
3486,0.23070303267022513
3487,0.21837850074233683
3488,0.23121159355585372
3489,0.1845201093681015
3490,0.17645773369184342
3491,0.1648512122667963
3492,0.17816202235792805
3493,0.15986458987343818
3494,0.142331074657206
3495,0.21409410840120802
3496,0.13654108386906064
3497,0.17053863012596437
3498,0.09210333494597031
3499,0.1782445110770355
3500,0.11699699578623123
3501,0.10200771958456203
3502,0.11530848757075875
3503,0.116444680014815
3504,0.14006801458081863
3505,0.11228653127858129
3506,0.11023076893977744
3507,0.13601459065319108
3508,0.13434186288833033
3509,0.14061244012692894
3510,0.1740906661000595
3511,0.12141552195756132
3512,0.16852805725936743
3513,0.15786836287103365
3514,0.14942008344799398
3515,0.17535381944222073
3516,0.1959544804228371
3517,0.15191913299035015
3518,0.1365568643196724
3519,0.20296100049451762
3520,0.14054142809917547
3521,0.1774289486976846
3522,0.18961862950216204
3523,0.21305259866082302
3524,0.17300755335351622
3525,0.21192429644207253
3526,0.19732373798362282
3527,0.15626521254750733
3528,0.10131194517121944
3529,0.1374247891033265
3530,0.21666703914415608
3531,0.1308837923246969
3532,0.16231055971828157
3533,0.15408469636662833
3534,0.1475795090720795
3535,0.11165531325410558
3536,0.20229822156881808
3537,0.1595805417624242
3538,0.1516745360058658
3539,0.15573800203842825
3540,0.19846357207012807
3541,0.18232806131946783
3542,0.25179145303339096
3543,0.20480731321610907
3544,0.23870372113045474
3545,0.26798434724082176
3546,0.31026806465538864
3547,0.17873011857995602
3548,0.19793779614746831
3549,0.18386880713375617
3550,0.165632344572085
3551,0.15445189531355888
3552,0.20489410569447428
3553,0.19342960832493422
3554,0.22259977128101816
3555,0.18460833643288604
3556,0.16119803795014315
3557,0.22609729297118122
3558,0.24534442166522336
3559,0.12263994146640218
3560,0.1205160362726833
3561,0.09195342066515735
3562,0.09647451976546462
3563,0.14949109547574752
3564,0.11885908895843467
3565,0.1708793444005394
3566,0.10488406535518426
3567,0.20371542742184773
3568,0.20476786208957923
3569,0.11872495512823344
3570,0.0945766171091804
3571,0.1232446196421216
3572,0.2180793894739205
3573,0.13979185669511043
3574,0.10592127133631145
3575,0.13683302220538066
3576,0.182658016195898
3577,0.13657264477028436
3578,0.06126044422502582
3579,0.17738089005263916
3580,0.14957573607448396
3581,0.18042866890036352
3582,0.08044158194378151
3583,0.07866197749068593
3584,0.11641311911359137
3585,0.11995009193028418
3586,0.15991982145057984
3587,0.1240228827745718
3588,0.21074076264618072
3589,0.14737072157167616
3590,0.12267652342009344
3591,0.2149068016077204
3592,0.20606472821259286
3593,0.1673839745900051
3594,0.14344624489257993
3595,0.13403199222176945
3596,0.08516782690204353
3597,0.14088357696016965
3598,0.14091226868855486
3599,0.15216659914767294
3600,0.19923394497727223
3601,0.1881115964687263
3602,0.23255723561712247
3603,0.3221428537408383
3604,0.3210667483971887
3605,0.31745909461114674
3606,0.31827090499524746
3607,0.2219391442349475
3608,0.21966460746720606
3609,0.21272909942327914
3610,0.21452807079303496
3611,0.14873937219205377
3612,0.1660189656120762
3613,0.22064393340395597
3614,0.1828258628069519
3615,0.20107523664639632
3616,0.2222604915928624
3617,0.17385395934088124
3618,0.17000352939157937
3619,0.18228861019293793
3620,0.11536587102752922
3621,0.15313422768746593
3622,0.14060168072878446
3623,0.17834995317885133
3624,0.25532053562477774
3625,0.21751846618398865
3626,0.2237323772590262
3627,0.22469068098709383
3628,0.19115722343682176
3629,0.22710144828826462
3630,0.1988695600267795
3631,0.25737199420432394
3632,0.1835890627819997
3633,0.10676911191009592
3634,0.11489940973566586
3635,0.08578326447590735
3636,0.09668330726586816
3637,0.11586438980822311
3638,0.11200248316756718
3639,0.07210950402070226
3640,0.07180393711339905
3641,0.062104698332762026
3642,0.11019203510645728
3643,0.1288072284828138
3644,0.09617590508465494
3645,0.1463522755668009
3646,0.07937640152747891
3647,0.12663885111009798
3648,0.1741559397821361
3649,0.16768380315163098
3650,0.1727952345634651
3651,0.12827212774842875
3652,0.17715601863141975
3653,0.14471822645885957
3654,0.11829220661722276
3655,0.13096915021664307
3656,0.11916250398610877
3657,0.11552941387932524
3658,0.1269580465883839
3659,0.09001242523989453
3660,0.12604278045289405
3661,0.1897327342988943
3662,0.14625251663426134
3663,0.14105732744610272
3664,0.11202615384348505
3665,0.11386672821939947
3666,0.13394519974340424
3667,0.14980455260835657
3668,0.10122443539964436
3669,0.09034381470274438
3670,0.09881002645602477
3671,0.1470099782636322
3672,0.18764965964172375
3673,0.18072060723668348
3674,0.21792086767459196
3675,0.15781313129389207
3676,0.12409246021590621
3677,0.10581869840733414
3678,0.10885428327049457
3679,0.1938793511673732
3680,0.1604549221849649
3681,0.13271432459567656
3682,0.1279902315170436
3683,0.15354451940337507
3684,0.16204014017825055
3685,0.13276166594751215
3686,0.15460969981967781
3687,0.18435584922309578
3688,0.15360764120582257
3689,0.12749099544314
3690,0.1579630455747052
3691,0.202905768917376
3692,0.19875407582002874
3693,0.19346332110578698
3694,0.22752327187192875
3695,0.19778501269381676
3696,0.17752291410814622
3697,0.16008551618200467
3698,0.22758639367437636
3699,0.2639445518841773
3700,0.17804366897833873
3701,0.196264351089398
3702,0.23219500254625863
3703,0.28126359643072985
3704,0.21273698964858506
3705,0.21544979256741154
3706,0.2664220826302445
3707,0.23019016802533848
3708,0.25201309663516713
3709,0.25009003354014525
3710,0.1511974808450601
3711,0.11950034908784528
3712,0.25987319562630895
3713,0.13658174887640664
3714,0.18956764650787752
3715,0.09687692125606806
3716,0.14937848044183547
3717,0.10991946368679736
3718,0.15900814178113828
3719,0.12618121804235297
3720,0.09675856787647867
3721,0.13889093642381342
3722,0.19513604887064742
3723,0.20158021106597673
3724,0.22131366455614887
3725,0.20679708457962673
3726,0.21190636411183178
3727,0.16900792641661078
3728,0.17020078502422795
3729,0.23508210771502536
3730,0.18691228222222256
3731,0.18358762819558033
3732,0.15638500051351578
3733,0.1542230787796864
3734,0.15812730571971073
3735,0.16448037167741678
3736,0.23351195287914206
3737,0.1405256476485635
3738,0.17936922682973763
3739,0.1312137472011275
3740,0.18386952442696575
3741,0.17971639674319953
3742,0.1309705848030623
3743,0.1922697452049601
3744,0.13123885246346462
3745,0.1331561772128095
3746,0.14649352715269753
3747,0.17588963746981526
3748,0.14953628494795426
3749,0.1077266983449538
3750,0.1506803676173165
3751,0.13840532892089286
3752,0.16335995968397254
3753,0.11558950097973207
3754,0.12461895343177551
3755,0.13516029444051986
3756,0.09905677532013818
3757,0.11773867696499023
3758,0.1859654551855089
3759,0.16624778214594885
3760,0.15097230595363656
3761,0.10292083384042296
3762,0.0374986720695634
3763,0.09928343997438162
3764,0.13153868102509061
3765,0.15354451940337507
3766,0.1757397231890024
3767,0.22327044043202365
3768,0.23154728677796124
3769,0.16813051129202922
3770,0.13715652144292434
3771,0.16912341062336148
3772,0.16522061826975654
3773,0.2338827934685216
3774,0.23752018733456273
3775,0.16746646330911283
3776,0.18972120243113955
3777,0.2089009055634759
3778,0.2589443009198362
3779,0.19658641574052227
3780,0.19417917972899915
3781,0.16947488429608082
3782,0.18614979954038427
3783,0.17653663594490307
3784,0.21647982561644227
3785,0.16115858682361334
3786,0.16770747382754897
3787,0.1397602957938867
3788,0.1155121988422941
3789,0.13066573518896904
3790,0.22100594576921687
3791,0.2687654795461105
3792,0.1773808900526391
3793,0.18980010468419872
3794,0.20557266507078573
3795,0.185589593543662
3796,0.17308860748620436
3797,0.2408183015124484
3798,0.19659358867261867
3799,0.1997102276684675
3800,0.23860258278789667
3801,0.22609370650513305
3802,0.2331568927403744
3803,0.18220970793987834
3804,0.19047436030125242
3805,0.1470666444271931
3806,0.131443998321419
3807,0.15519716295836591
3808,0.1678896663027953
3809,0.152826508900534
3810,0.20151708926352924
3811,0.1956467616359051
3812,0.14944805788316967
3813,0.14309057781340428
3814,0.14630129257251645
3815,0.22792854253537057
3816,0.18057643130154757
3817,0.18664688373465876
3818,0.19810851193136045
3819,0.17635516076286611
3820,0.18392475600410732
3821,0.16483543181618449
3822,0.1524635585364604
3823,0.1463787602391565
3824,0.1876726130244319
3825,0.2332702250674962
3826,0.2967542605859313
3827,0.28480200383384185
3828,0.28413922490814236
3829,0.3010035055597885
3830,0.29818023948667893
3831,0.3078063143599336
3832,0.2966810966785491
3833,0.2552021822451887
3834,0.27624541313614775
3835,0.2569301415871911
3836,0.26571985257801506
3837,0.2579716513275757
3838,0.2854317872718984
3839,0.29439149675340526
3840,0.27675827778103446
3841,0.31580700282016316
3842,0.34941147239818887
3843,0.2940773223275866
3844,0.2935594366302328
3845,0.2462496456957781
3846,0.28702346090407055
3847,0.2964965867944714
3848,0.3261905393227886
3849,0.3151994554716052
3850,0.27378366284069255
3851,0.24263305333281604
3852,0.29747800943444963
3853,0.3073802421934124
3854,0.3578640555804864
3855,0.29077131792439515
3856,0.313479386354909
3857,0.3132821307222602
3858,0.22240108106195022
3859,0.24084197218836634
3860,0.18023715161339174
3861,0.22952738909963913
3862,0.2512255086909916
3863,0.22247998331500965
3864,0.12125771745144237
3865,0.23300913033919043
3866,0.205083471101817
3867,0.19457369099429647
3868,0.2150803865644512
3869,0.2229863923210094
3870,0.18085258918725558
3871,0.1890770731288903
3872,0.17181612933231805
3873,0.2566618739267887
3874,0.23420629270606533
3875,0.23534248515012168
3876,0.23140526272245432
3877,0.2649466104980325
3878,0.2865105962591841
3879,0.2189860480908946
3880,0.17296236388130934
3881,0.21801913684431143
3882,0.22077712923534454
3883,0.21631915193748474
3884,0.2624769699772712
3885,0.23213116345060136
3886,0.22781521020824877
3887,0.21358124375632123
3888,0.20711125900544536
3889,0.22845647033765912
3890,0.26014146328671134
3891,0.3273374911649893
3892,0.24971704107113682
3893,0.2994828439553697
3894,0.31631197723974386
3895,0.25709037385494254
3896,0.19267214669556348
3897,0.22203956528429591
3898,0.182564768078646
3899,0.24202550598425818
3900,0.22929068234046074
3901,0.20254281855330242
3902,0.2549764004133569
3903,0.17778632624528334
3904,0.1988423028848134
3905,0.21187695509023693
3906,0.1956309811852933
3907,0.23653390917131945
3908,0.2268683831715351
3909,0.251464367329799
3910,0.27207148394930214
3911,0.34424337482279405
3912,0.36534972751620065
3913,0.38731611476795563
3914,0.37170494535353554
3915,0.32068316205923797
3916,0.33430169093730144
3917,0.2817922415262282
3918,0.28209996031316
3919,0.28101110922093936
3920,0.28191346407865575
3921,0.3031116303028955
3922,0.25757714006227855
3923,0.23778271664928796
3924,0.2483613569049331
3925,0.25346511879706424
3926,0.21896237741497676
3927,0.2343483167615724
3928,0.2747068192014883
3929,0.2835051377108281
3930,0.20730851463809394
3931,0.18912226260109713
3932,0.18188549140912508
3933,0.1580770951950365
3934,0.18830383104890752
3935,0.23382756189137988
3936,0.20302699146980374
3937,0.15084821422837028
3938,0.20733218531401185
3939,0.17499015178493751
3940,0.19193835574211038
3941,0.260741120409963
3942,0.22859634251353733
3943,0.23449823104238537
3944,0.2435905845912735
3945,0.21427558358324478
3946,0.22484059526790692
3947,0.20360799896960516
3948,0.22653699370868546
3949,0.230703032670225
3950,0.21736855190317567
3951,0.19425808198205852
3952,0.20631357377993437
3953,0.18198878163131185
3954,0.17813691709559087
3955,0.14280592276198195
3956,0.14270334983300473
3957,0.2146385339473182
3958,0.20665362593770034
3959,0.1971380142187291
3960,0.23170509128408018
3961,0.22428827949649058
3962,0.2712430102921777
3963,0.22386435920959843
3964,0.1731990706404876
3965,0.21104059120780674
3966,0.24683065319557956
3967,0.18942926409481947
3968,0.25317075269911166
3969,0.20318192680308406
3970,0.19866871792808277
3971,0.23494008365951835
3972,0.25188828761669124
3973,0.1583367553369231
3974,0.2593208798548928
3975,0.22500126894686437
3976,0.20147763813699962
3977,0.20812909806991242
3978,0.21541177602730088
3979,0.17659186752204456
3980,0.15965227108338725
3981,0.2450080111499059
3982,0.2164532857676857
3983,0.22149513973818555
3984,0.19333492562126275
3985,0.2527641026256513
3986,0.33230546393489696
3987,0.2975805823634268
3988,0.2518961778419972
3989,0.20551743349364415
3990,0.18725945213568423
3991,0.2310423123583809
3992,0.2641023563902963
3993,0.2426395089717027
3994,0.24597061863723152
3995,0.14982822328427423
3996,0.18173629442152156
3997,0.24676035846103564
3998,0.22957473045147478
3999,0.19141760087191786
4000,0.18949238589726689
4001,0.09963060988784314
4002,0.14682204744270883
4003,0.17565651717668515
4004,0.1365095229678368
4005,0.2026217208063618
4006,0.1417880836975149
4007,0.1485370955069378
4008,0.136320157560494
4009,0.10577709540117547
4010,0.14462067458234976
4011,0.15465704117151363
4012,0.16701313400062565
4013,0.2193992089796424
4014,0.16205018228318538
4015,0.18332222970801673
4016,0.1626182785052134
4017,0.19181211213721536
4018,0.14926227894187505
4019,0.20040092585294197
4020,0.21255551446654838
4021,0.18471879958716933
4022,0.1918436730384389
4023,0.20092101860632566
4024,0.27207937417460815
4025,0.3493612618735146
4026,0.24750921257189076
4027,0.2691047592342663
4028,0.23366043257353578
4029,0.255154840893353
4030,0.2638577594058119
4031,0.2578375174973748
4032,0.3028828137690229
4033,0.22552274111026654
4034,0.2651044150041514
4035,0.21899393831620054
4036,0.2125712949171602
4037,0.18746459799363857
4038,0.24372190442503663
4039,0.22749171097070484
4040,0.23932704892962456
4041,0.2519263041568017
4042,0.19268792714617522
4043,0.17175874587554749
4044,0.2589220648303376
4045,0.24438468335073626
4046,0.126252947363316
4047,0.19081794374866606
4048,0.10436474507141114
4049,0.15607943360621265
4050,0.22770474705396543
4051,0.2803246596193222
4052,0.20642480940382787
4053,0.10985634188434974
4054,0.140588769451011
4055,0.19183578281313307
4056,0.23972945042022778
4057,0.2101963371000703
4058,0.20147763813699957
4059,0.22130577433084309
4060,0.1687568737932398
4061,0.1486446894883824
4062,0.1455201602672276
4063,0.2369994324643703
4064,0.19330336472003898
4065,0.18888053478945127
4066,0.20593561543485928
4067,0.3225689259073592
4068,0.24826667420126172
4069,0.3351617254956495
4070,0.23594214227337348
4071,0.19344538877554618
4072,0.21589307977096378
4073,0.19570988343835274
4074,0.2330227589101734
4075,0.24718571333434708
4076,0.2492135012379754
4077,0.23245466268814524
4078,0.24084197218836625
4079,0.2274443696188691
4080,0.23183133488897542
4081,0.18007145688196702
4082,0.1928473869443164
4083,0.27663931746103687
4084,0.1841585935904472
4085,0.20546507108934114
4086,0.24226221274343665
4087,0.21878090223294008
4088,0.22945924624472408
4089,0.18919255733564086
4090,0.288901334526886
4091,0.20288209824145811
4092,0.2713097185606734
4093,0.22975907480635002
4094,0.2339380250456631
4095,0.22948291692064196
4096,0.255892218312854
4097,0.2403793180681539
4098,0.15304743520910044
4099,0.283275603883746
4100,0.26048935049338245
4101,0.2203905081953531
4102,0.2616958376719826
4103,0.19303581435284656
4104,0.18231228086885573
4105,0.25464843188735325
4106,0.21800766015295736
4107,0.2247616930148474
4108,0.2974801613140785
4109,0.2779977604472775
4110,0.3095522060321763
4111,0.24667284868946057
4112,0.2660749127167829
4113,0.24627833742416336
4114,0.22152670063940938
4115,0.24032910754347966
4116,0.27820218901202254
4117,0.26633026909941176
4118,0.24133762179622156
4119,0.19960191639381328
4120,0.2580426633553294
4121,0.1907863828474423
4122,0.25146221545017017
4123,0.26564095032495577
4124,0.21649273689421553
4125,0.2625085308784951
4126,0.21823217292757197
4127,0.21788930677336818
4128,0.20206151480963955
4129,0.13135720584305366
4130,0.19435922032461664
4131,0.16840970387977816
4132,0.22547606187523955
4133,0.2333706461168446
4134,0.20143029678516383
4135,0.14196310324066505
4136,0.19023770871847487
4137,0.20886360631657497
4138,0.21340765879959045
4139,0.1846004462075802
4140,0.176828574281223
4141,0.18229219665898594
4142,0.15817304695592485
4143,0.17117128273685941
4144,0.17839872911710636
4145,0.1658518362942323
4146,0.16088744999037274
4147,0.21934899845496797
4148,0.1637702513998817
4149,0.2479589554143298
4150,0.18883749719687343
4151,0.2184968541219259
4152,0.20782137928298045
4153,0.1800104869591483
4154,0.1769548178861181
4155,0.2038167312936078
4156,0.17715207351876688
4157,0.23222584615427297
4158,0.21120628593923166
4159,0.19031153474266613
4160,0.19552840825631598
4161,0.17094384561300557
4162,0.1869596235740583
4163,0.16606205838105498
4164,0.1636124468937628
4165,0.148423763179816
4166,0.1866361243365145
4167,0.1852775709974724
4168,0.1474439406554593
4169,0.18018981026155614
4170,0.14570163544926437
4171,0.10604536306157764
4172,0.10298395564287044
4173,0.11788859124580325
4174,0.213173103920041
4175,0.19880285175828386
4176,0.14515720990315406
4177,0.1208632061861449
4178,0.15362413894964425
4179,0.09355513640226441
4180,0.11579768153972747
4181,0.190825833973972
4182,0.21275779115166435
4183,0.14227297390722574
4184,0.14932904238677158
4185,0.16394670552945104
4186,0.13325444638252906
4187,0.19435276468572998
4188,0.1528234741984933
4189,0.17842096520660486
4190,0.1706505278666669
4191,0.1742907909055467
4192,0.14200111978077548
4193,0.15571217948288146
4194,0.1477925451553401
4195,0.11481929360179001
4196,0.11418807557731436
4197,0.09310539355982564
4198,0.08790573508320693
4199,0.11284673727530349
4200,0.10812049231704161
4201,0.1303587336952467
4202,0.07765633241078244
4203,0.1079469073603107
4204,0.06254655094989509
4205,0.14870781129083
4206,0.06029783673770039
4207,0.08587005695427263
4208,0.0856907336518648
4209,0.13918287476013325
4210,0.1593832861297755
4211,0.15049100220997386
4212,0.12037401221717638
4213,0.11475617179934253
4214,0.11439322143526905
4215,0.20535532522826744
4216,0.20595139588547115
4217,0.2945349553953317
4218,0.2272707846621385
4219,0.20774247702992102
4220,0.16064428759230756
4221,0.18964230017807998
4222,0.19963132541540798
4223,0.24517370588133094
4224,0.26463889171110055
4225,0.2244460840026096
4226,0.1991342412211335
4227,0.25861075957735763
4228,0.20628924098720752
4229,0.21550502414455291
4230,0.19873972995583622
4231,0.21110735465270308
4232,0.21296580618245758
4233,0.19683818565710304
4234,0.2186926751681555
4235,0.17156077294968905
4236,0.1581997523338836
4237,0.18858357540066384
4238,0.21316306181510616
4239,0.23390646414443933
4240,0.2643942947266162
4241,0.20150919903822348
4242,0.12388516247832262
4243,0.17111605115971784
4244,0.11576612063850363
4245,0.16928049783627075
4246,0.13841106726657007
4247,0.23132851234902385
4248,0.14462067458234967
4249,0.19182789258782718
4250,0.1732543022176293
4251,0.22787044178539034
4252,0.1725126210388703
4253,0.2137469384877462
4254,0.1539469208939784
4255,0.25106770418487295
4256,0.19902377806685015
4257,0.20302412229696498
4258,0.2175421368599065
4259,0.15991193122527392
4260,0.17715328739958308
4261,0.2042707778953046
4262,0.1718498421131708
4263,0.19784813449626432
4264,0.21184467689580355
4265,0.17819358325915177
4266,0.22411469453975974
4267,0.19176477078537968
4268,0.22747879969293158
4269,0.23792258882516612
4270,0.23263613787018197
4271,0.1476189601986094
4272,0.21444916853997525
4273,0.14318343969585115
4274,0.1722149443568732
4275,0.075959933970004
4276,0.11248737337727809
4277,0.10842821110397345
4278,0.06977686650298062
4279,0.13590986584458492
4280,0.117494079980506
4281,0.15820620797277016
4282,0.11616923942231652
4283,0.21667421207625234
4284,0.1275698976961995
4285,0.1161921928050248
4286,0.200672835155793
4287,0.1127872019389041
4288,0.0990861843417327
4289,0.0977685167156399
4290,0.0942573664544938
4291,0.07081550707052692
4292,0.10672392243788908
4293,0.18359838759372496
4294,0.15565407873290119
4295,0.11842512656660766
4296,0.10937360355426781
4297,0.16048002744730208
4298,0.16049437331149458
4299,0.1446020249588993
4300,0.2012457869010864
4301,0.14037573336775047
4302,0.2222131502410269
4303,0.1808999305390913
4304,0.18381931390229167
4305,0.21342343925020235
4306,0.18774075587934685
4307,0.2053517387622192
4308,0.22634762830134253
4309,0.1385688717726888
4310,0.15580901406618164
4311,0.11818841980742927
4312,0.14831545190516143
4313,0.1422772776664835
4314,0.12387727225301651
4315,0.1778858644722197
4316,0.17389341046741086
4317,0.16402273860967181
4318,0.19537849397550308
4319,0.2639474210570158
4320,0.17222857292785618
4321,0.15088551347527113
4322,0.1437132986721658
4323,0.16077555224967008
4324,0.23007970487105525
4325,0.22868672145795077
4326,0.1440367979097096
4327,0.22027861045465066
4328,0.1115118546121792
4329,0.12870537284704603
4330,0.12891912622351634
4331,0.15221752696555677
4332,0.15963577333956572
4333,0.11896955211271788
4334,0.09836817383889185
4335,0.11452735526546992
4336,0.10801002916275847
4337,0.1600130695678319
4338,0.15923408914217213
4339,0.19138962643674232
4340,0.13243027648466252
4341,0.17022445570014574
4342,0.19009507772255968
4343,0.22039839842065903
4344,0.1494372984850252
4345,0.17867488700281436
4346,0.19740931658117192
4347,0.1863205153242764
4348,0.19009204302051888
4349,0.24346941721524637
4350,0.19026562797724972
4351,0.13533387939725078
4352,0.18177000720237432
4353,0.2419544939565046
4354,0.18632051532427654
4355,0.19758775706116788
4356,0.21018055664945848
4357,0.21922275485007314
4358,0.17804366897833873
4359,0.23250989426528682
4360,0.1879064506107719
4361,0.23136581159592465
4362,0.2539002950697075
4363,0.3030248378245298
4364,0.27126668096809564
4365,0.27757097098754674
4366,0.1675102181949002
4367,0.3064491956073107
4368,0.23393013482035727
4369,0.2851455872812555
4370,0.30567595352732785
4371,0.25215296881104526
4372,0.28354387154414823
4373,0.25140698387302834
4374,0.21894659696436494
4375,0.20273218396064493
4376,0.23609994677949256
4377,0.23218639502774308
4378,0.1912676865911049
4379,0.23374076941301442
4380,0.2313973724971484
4381,0.19825340515970594
4382,0.20196114893669198
4383,0.26594866911188786
4384,0.2566145325749533
4385,0.2639215985014693
4386,0.26814502091977926
4387,0.24916472529972047
4388,0.2764426687687964
4389,0.23027696050370403
4390,0.27959086866586913
4391,0.27850201757364845
4392,0.3009339281184541
4393,0.2769901290169474
4394,0.21241349041104132
4395,0.22463544940995217
4396,0.2626426647086962
4397,0.2726316899460244
4398,0.21133252954412662
4399,0.2743991004145565
4400,0.25963648886713064
4401,0.24582070435641848
4402,0.3093764691958169
4403,0.2602045850891587
4404,0.40981903734051467
4405,0.33757613443926937
4406,0.3689634507063242
4407,0.3523631339558225
4408,0.30140232058434363
4409,0.33100357675941583
4410,0.3099087559337641
4411,0.24795106518902396
4412,0.2618572286441496
4413,0.23936076171047715
4414,0.22716032150785534
4415,0.18838990623406338
4416,0.23763065048884616
4417,0.2235781592189554
4418,0.24967902453102625
4419,0.2708576031330026
4420,0.17873011857995616
4421,0.20862618226418714
4422,0.18657300253406667
4423,0.1964515646171116
4424,0.21181383328778958
4425,0.16175824394686542
4426,0.18994212873970584
4427,0.23261318448747365
4428,0.23127112889225318
4429,0.17286343259478068
4430,0.19450554813938145
4431,0.22368073214793271
4432,0.22772841772988328
4433,0.23970793162393883
4434,0.14878671354388937
4435,0.19693286836077448
4436,0.2032687192814494
4437,0.22801246584089735
4438,0.2635105894923504
4439,0.21049975212774438
4440,0.1789704118051825
4441,0.14280305358914339
4442,0.2027637448618688
4443,0.1761442765592345
4444,0.21059084836536762
4445,0.26748582846012803
4446,0.24083408196306028
4447,0.24492910889684666
4448,0.22256821037979438
4449,0.2244776449038333
4450,0.27077748699912685
4451,0.23139737249714834
4452,0.1846004462075803
4453,0.1795349215611627
4454,0.2039788395589845
4455,0.2048230936667208
4456,0.19568621276243486
4457,0.24146888645358403
4458,0.19178055123599144
4459,0.2187916616310845
4460,0.25904472196918465
4461,0.253103382313807
4462,0.2442455284680678
4463,0.26585470370142594
4464,0.21608244517830644
4465,0.17575550363961423
4466,0.15142204879607551
4467,0.20156443061536497
4468,0.234706963366388
4469,0.2226865637593835
4470,0.19855825477379935
4471,0.25228566805482694
4472,0.17866699677750825
4473,0.14095961004039045
4474,0.16750232796959436
4475,0.151485170598523
4476,0.2393062474265452
4477,0.23423785360728905
4478,0.18071056513174846
4479,0.2050540620802222
4480,0.13235926445690893
4481,0.11064106065568666
4482,0.21489460762315668
4483,0.1703270286291231
4484,0.192847883531923
4485,0.22111569163029063
4486,0.15623508623270282
4487,0.17592908859634493
4488,0.1411016340958976
4489,0.1790772884934179
4490,0.17640250211470185
4491,0.15228997357972962
4492,0.19809273148074855
4493,0.21374120014206915
4494,0.20113046822353794
4495,0.19148072267436542
4496,0.23133425069470073
4497,0.23558708213460583
4498,0.2046495087099899
4499,0.22169239537083432
4500,0.1988501931101193
4501,0.2363050926374471
4502,0.2311291048367463
4503,0.21253256108384017
4504,0.1635514769709441
4505,0.16627934304717254
4506,0.2030635734234948
4507,0.2200705954238574
4508,0.24262516310751
4509,0.3017236679422583
4510,0.24895312380287907
4511,0.2354041723661499
4512,0.27216616665297355
4513,0.26815004197224684
4514,0.3501452633516421
4515,0.2540344288999087
4516,0.26435484360008665
4517,0.2261424824433881
4518,0.2297325349575938
4519,0.21783407519622647
4520,0.23479016937870545
4521,0.1934138278743224
4522,0.23921156472287386
4523,0.29785674024913517
4524,0.2924677163651735
4525,0.22271812466060736
4526,0.24664128778823685
4527,0.2567183193847467
4528,0.2297956567600415
4529,0.2474640230996842
4530,0.300185074007599
4531,0.23348828220322412
4532,0.1863678566761122
4533,0.20996752056619794
4534,0.23028700260863857
4535,0.24695546221405548
4536,0.3137003126634755
4537,0.24316958865362037
4538,0.2661803548185987
4539,0.2991349567486983
4540,0.3023771220562327
4541,0.2767489529693092
4542,0.23732293170191418
4543,0.2314841649755137
4544,0.2549425221033021
4545,0.25062585156773975
4546,0.3077460617303244
4547,0.27447011244230984
4548,0.26831573670367176
4549,0.2836858955996553
4550,0.2916234622574374
4551,0.2889565661040276
4552,0.24367456307320112
4553,0.2008306396619119
4554,0.20737952666584744
4555,0.31144370822597467
4556,0.22216580888919107
4557,0.2495448907008251
4558,0.2746616297292815
4559,0.26593288866127585
4560,0.19559153005876362
4561,0.17639030813013812
4562,0.19649101574364142
4563,0.23772533319251743
4564,0.2948505644075694
4565,0.19985081713755523
4566,0.329997214386303
4567,0.2633212240850075
4568,0.23194179804325865
4569,0.21306837911143484
4570,0.3331102669161037
4571,0.29263556297622734
4572,0.34031404262043263
4573,0.2884752623603648
4574,0.249512115918785
4575,0.3238952010519679
4576,0.28385379738710975
4577,0.291236841217446
4578,0.30314534308374785
4579,0.26484403756905534
4580,0.3046265535616371
4581,0.31061523456885043
4582,0.27764198301530035
4583,0.3282972294794763
4584,0.3359887645663549
4585,0.2868183150461159
4586,0.2866920714412207
4587,0.3132699919140973
4588,0.3540702917947453
4589,0.33429308341878594
4590,0.37217477240584435
4591,0.320535399658054
4592,0.3118934510684139
4593,0.3266560626158394
4594,0.3160200389034238
4595,0.2876417676507729
4596,0.2666114480375873
4597,0.2978022259652031
4598,0.28366222492373744
4599,0.3167696103074885
4600,0.33188728199368206
4601,0.3195311891645697
4602,0.34232605007344913
4603,0.4188060039639875
4604,0.30494216257387496
4605,0.36617820117332506
4606,0.39153738530663684
4607,0.38473601109291106
4608,0.304858239268348
4609,0.2854533060681871
4610,0.26349050528248075
4611,0.22891984175108113
4612,0.37108161755436603
4613,0.28973339465005843
4614,0.2756615364635076
4615,0.24452168635377586
4616,0.26779498183347916
4617,0.28269172721110597
4618,0.2618378617274896
4619,0.23275951230223865
4620,0.24342207586341064
4621,0.2560148754517011
4622,0.22593805387864296
4623,0.2033712922104267
4624,0.2305437935776868
4625,0.23290440553058422
4626,0.19779290291912255
4627,0.32544218179954
4628,0.246652764479591
4629,0.27709181912351294
4630,0.28842003078322326
4631,0.25096513125589553
4632,0.2932646291210742
4633,0.3388500471795749
4634,0.33002518882147863
4635,0.26901796675590095
4636,0.22924334098862492
4637,0.3061199580240899
4638,0.36216494566543694
4639,0.2987956770605426
4640,0.27153859027094673
4641,0.30822162712831
4642,0.29315416596679106
4643,0.32455726268445767
4644,0.2797723438479059
4645,0.2126611220975664
4646,0.23844334369535863
4647,0.24803785766738937
4648,0.22641864032909612
4649,0.2850824654788079
4650,0.33788385322620107
4651,0.37700359029308356
4652,0.28823066537588027
4653,0.37817923386366953
4654,0.35065023777122245
4655,0.3575778555898435
4656,0.31114387966434887
4657,0.2894931014248318
4658,0.27694764318837695
4659,0.2625035098260278
4660,0.34198677038529335
4661,0.3054980648113393
4662,0.3300337963399941
4663,0.3624540148289183
4664,0.30751437602361337
4665,0.3430741868910945
4666,0.27541693947902335
4667,0.2583740528181791
4668,0.29121317054152807
4669,0.24196094959539147
4670,0.28259704450743484
4671,0.25681967843290754
4672,0.3095658346031595
4673,0.28247869112784557
4674,0.24550509534418058
4675,0.2723003004831747
4676,0.2929095689823065
4677,0.23840389256882902
4678,0.24465295101113815
4679,0.26747148259593545
4680,0.25658297167372945
4681,0.26040973094711345
4682,0.24937919596940025
4683,0.26251642110380113
4684,0.2369994324643703
4685,0.20827112212541934
4686,0.19056545653887566
4687,0.21808656240601673
4688,0.28799395861670196
4689,0.27090373060402195
4690,0.23856169707494768
4691,0.26565673077556773
4692,0.2751802327198452
4693,0.29720185154874135
4694,0.2669349472751311
4695,0.19184367303843886
4696,0.2138344482593213
4697,0.2582083580867542
4698,0.3453250529829182
4699,0.21840504059109306
4700,0.24934763506817662
4701,0.22024418038058824
4702,0.20196683210596822
4703,0.26699017885227255
4704,0.26930201486691474
4705,0.19523933909283453
4706,0.19963132541540807
4707,0.2539555266468492
4708,0.2754642808308593
4709,0.23141315294776016
4710,0.2825181422543751
4711,0.23980835267328723
4712,0.3021124408618788
4713,0.2835202008682302
4714,0.30317475210534295
4715,0.3083270692301259
4716,0.28479841736779354
4717,0.3056522828514102
4718,0.25331641839706753
4719,0.31617784340954247
4720,0.20662852067536316
4721,0.3140395923516311
4722,0.23630365805102793
4723,0.28234742647048283
4724,0.24460847883214099
4725,0.2364865678194839
4726,0.2322258461542727
4727,0.2223157231700042
4728,0.257537688935749
4729,0.23800149107822555
4730,0.2546498664737726
4731,0.2621061293878918
4732,0.31343204500307315
4733,0.3221507439661439
4734,0.3161699531842368
4735,0.30184919425394396
4736,0.3185843621278563
4737,0.29279910582802343
4738,0.2650649638776219
4739,0.23250200403998075
4740,0.22563750802380744
4741,0.2832834941090521
4742,0.21882824358477573
4743,0.2613092166319913
4744,0.19835310891584482
4745,0.27153494862849786
4746,0.22630028694950693
4747,0.2494028666453181
4748,0.23740972418027953
4749,0.21998882399795947
4750,0.18862446111361292
4751,0.276087608630029
4752,0.25506804841498754
4753,0.2896430157056447
4754,0.3144814449687642
4755,0.271945240344407
4756,0.2881359826722091
4757,0.2354766189803226
4758,0.31100185560884164
4759,0.25024712075305433
4760,0.275606304886366
4761,0.24477130439072756
4762,0.2324152115616154
4763,0.1753925532755406
4764,0.252248203278724
4765,0.15294844874617144
4766,0.22205534573490773
4767,0.2264265305544021
4768,0.2094941070478412
4769,0.12860351721127852
4770,0.1920488188963936
4771,0.15487007725477409
4772,0.135119408727571
4773,0.27110887646197657
4774,0.3263720145048255
4775,0.20236923359657139
4776,0.2288251590474098
4777,0.24918618891960861
4778,0.19140971064661189
4779,0.20902069352948432
4780,0.2563936062663865
4781,0.22843853800741845
4782,0.2691521005861019
4783,0.25990547382074236
4784,0.23895477375382576
4785,0.3153256990765004
4786,0.3675432101512537
4787,0.3095981127975928
4788,0.23548307461920934
4789,0.2715822899803334
4790,0.2451959419708295
4791,0.24757233437433843
4792,0.21324196406816587
4793,0.21503304521261565
4794,0.3124032810112595
4795,0.2914025359488707
4796,0.27424488237448547
4797,0.30747492489708356
4798,0.2227891366883609
4799,0.23056889884002407
4800,0.30554970992243285
4801,0.24441624425195999
4802,0.32226120712042744
4803,0.30731712039096487
4804,0.288585725514648
4805,0.36486842377253803
4806,0.350737030249588
4807,0.4141981123853149
4808,0.3760883241575938
4809,0.28043512277360544
4810,0.4299233314200662
4811,0.3381047795347677
4812,0.3695473273789642
4813,0.3738718881398324
4814,0.34816481679984923
4815,0.3391857404016824
4816,0.37233257691196336
4817,0.30027114919275466
4818,0.33774182917069423
4819,0.37981251050200043
4820,0.3006140705233593
4821,0.29841264248659943
4822,0.309907266170944
4823,0.36224097874565775
4824,0.3112622330439381
4825,0.2363947542886509
4826,0.23740972418027953
4827,0.32345263114162526
4828,0.3099051142913151
4829,0.2458364848070303
4830,0.23452190171830303
4831,0.24489754799562274
4832,0.28438023542657864
4833,0.36609929892026566
4834,0.33936004265162284
4835,0.3431624139558795
4836,0.29406512834302295
4837,0.24299903839893025
4838,0.2722558283041774
4839,0.2283201846278292
4840,0.2611750828017901
4841,0.2996714920695028
4842,0.3005537627173497
4843,0.24284106836360922
4844,0.22003544805658562
4845,0.25927353850305707
4846,0.24111813007407432
4847,0.292712313349658
4848,0.23203934991976846
4849,0.23797351664304994
4850,0.29179130886849125
4851,0.263415906788679
4852,0.2371974053902286
4853,0.2942272366083998
4854,0.26840252918203694
4855,0.22952738909963918
4856,0.27406053801961017
4857,0.25453940331948927
4858,0.25752190848513695
4859,0.313187448018589
4860,0.32627015886905764
4861,0.2828402069054997
4862,0.2592032437685133
4863,0.24662048628515748
4864,0.3164333653213737
4865,0.3067045519899394
4866,0.3361429826064255
4867,0.3212712873147351
4868,0.3653181666149768
4869,0.28115313327644653
4870,0.2745411244700633
4871,0.28134249868378913
4872,0.29482043809276487
4873,0.29871677480748315
4874,0.2780443845059036
4875,0.23893540683716577
4876,0.2693916765181189
4877,0.2899198908845625
4878,0.26370784512499884
4879,0.25574660779129893
4880,0.3012732078066099
4881,0.20992017921436215
4882,0.27326290797050007
4883,0.27215827642766766
4884,0.30442140770368237
4885,0.26858400436407376
4886,0.23881418428473788
4887,0.22312841637651645
4888,0.1911887843380454
4889,0.3062505053882426
4890,0.2502155598518307
4891,0.20691758983884476
4892,0.2746594778496525
4893,0.21863098795212704
4894,0.24552876602009846
4895,0.21519873994404037
4896,0.1769390374355063
4897,0.19952086226112484
4898,0.23194179804325865
4899,0.23456135284483284
4900,0.21586151886974
4901,0.20384757490162198
4902,0.19652903228375193
4903,0.19341382787432226
4904,0.22636340875195454
4905,0.2264738719062377
4906,0.20899702285356653
4907,0.30582586780814086
4908,0.21630839253934042
4909,0.29536414634566566
4910,0.26760561642613645
4911,0.2675819457502186
4912,0.23579079340614126
4913,0.29697160042844983
4914,0.26762139687674835
4915,0.24839291780615694
4916,0.24270406536056957
4917,0.2152618617464878
4918,0.2703829757338296
4919,0.2502865718795841
4920,0.34805071200311727
4921,0.28535862336451595
4922,0.3031431912041191
4923,0.3656165605901835
4924,0.3570018691425093
4925,0.27456479514598126
4926,0.2897692593105401
4927,0.32020974854088124
4928,0.279898587452801
4929,0.3557889263250225
4930,0.2763874371916546
4931,0.24945809822245968
4932,0.2427141074655044
4933,0.15969100491670735
4934,0.16450762881938288
4935,0.21422824223140904
4936,0.1943922158122596
4937,0.23205441307717084
4938,0.1994498502333714
4939,0.11964022126372335
4940,0.15013809395083505
4941,0.12300145724405649
4942,0.146498548205165
4943,0.12940688560606584
4944,0.1869201724475284
4945,0.11005359751699831
4946,0.18495550634634758
4947,0.15992771167588568
4948,0.13000008709043112
4949,0.16398830853560956
4950,0.1540573840482617
4951,0.14940215111775326
4952,0.14210369270975284
4953,0.08444981639920239
4954,0.27159018020563946
4955,0.18671359200315468
4956,0.23402051376477084
4957,0.18959495882624433
4958,0.12220454448815599
4959,0.10579287585178743
4960,0.08908926887909892
4961,0.08696105992612214
4962,0.06355219602979847
4963,0.2080265251409352
4964,0.18579976045408395
4965,0.17038226020626487
4966,0.16778637608060834
4967,0.18265945078231732
4968,0.11445634323771653
4969,0.1475881165905953
4970,0.13465532002093933
4971,0.2621549053261467
4972,0.2365733602978492
4973,0.28418943543281644
4974,0.16868586176548622
4975,0.2032844997320613
4976,0.2619246542058549
4977,0.151950693891574
4978,0.13155446147570243
4979,0.23218639502774313
4980,0.26374729625152865
4981,0.3161541727336247
4982,0.24406118411319241
4983,0.18985533626134035
4984,0.23708622494273557
4985,0.3277398926555926
4986,0.20608552971567223
4987,0.21573025421237743
4988,0.1695796091046871
4989,0.22035894729412928
4990,0.2046179478087662
4991,0.16483543181618443
4992,0.1601249673085343
4993,0.18361416804433697
4994,0.11792015214702703
4995,0.15200592546871544
4996,0.15546184415272005
4997,0.19810851193136045
4998,0.1402573799881613
4999,0.15927354026870175
