,phi
0,-0.01608328566832742
1,0.0005891323016058774
2,0.04486643208473273
3,0.0019507602387215867
4,-0.0010474234074662823
5,0.04240470284612826
6,-0.011171012398742915
7,-0.0007711348349829267
8,0.031247509286308515
9,-0.007270391607225743
10,0.010139149375073682
11,0.00817937936137977
12,-0.0022595760857631693
13,0.004090920786612599
14,0.030258914471331708
15,0.031557924943185676
16,0.011230162171151001
17,0.042301794329430605
18,0.004466684192141154
19,0.024881546650887675
20,0.04559962779807738
21,0.032214990626167686
22,0.02837062363914428
23,0.04551500303578892
24,0.03438689707049341
25,0.04835834583785714
26,0.04041137042750995
27,0.01148022763192576
28,0.041527043219960605
29,0.029526955057093362
30,0.013895598569997896
31,0.0062910227400206015
32,-0.014733840293505553
33,0.01713000062896415
34,-0.0014027180914181704
35,0.009595216363737533
36,0.05923312017866323
37,0.021887802496012767
38,0.023251831344733676
39,0.05082727790956777
40,0.01708262295666911
41,0.040559372375833874
42,0.057211470042989175
43,0.06634494032190115
44,0.059638490153058665
45,0.029058822245645877
46,0.03602552022394485
47,0.03344678953034071
48,0.05579803218300599
49,0.05543826281970801
50,0.022495010864327807
51,0.0009087547402439944
52,0.032702274770344535
53,0.022056462702944507
54,-0.0109403199815168
55,0.035449783324722775
56,-0.008074217271334432
57,0.01788357286730721
58,0.026663780227160542
59,0.008444868058135328
60,0.026959738254864012
61,0.014104719248588115
62,-0.007497040414892794
63,0.01601387278382129
64,-0.008647671115072949
65,-0.001466438737556779
66,-0.0206479080186762
67,-0.0028542172806853786
68,-0.026659302239353037
69,-0.01238700656837169
70,0.03401610277876826
71,0.03200141954600841
72,0.018571000613434262
73,-0.0025140937173376973
74,0.01912595740647414
75,0.005069612758596891
76,0.009672478636229642
77,0.02829639359875021
78,0.02834039364579563
79,0.04961920782943272
80,0.027143158727712013
81,0.038076056556713596
82,0.04050121743464793
83,0.04716969280269375
84,0.038297807904421145
85,0.05173076063748518
86,0.06366534231238974
87,0.0761763677597135
88,0.07432217318143657
89,0.05763709433440972
90,0.031165249821666234
91,0.028974741456274714
92,0.04150734673482677
93,0.04038910659202969
94,0.02463185115591329
95,0.04830023630692616
96,0.05282227081673774
97,0.04501077716422613
98,0.031217638905484155
99,0.02189257339044922
100,0.025580075861052095
101,0.038511074676897655
102,0.022283792959307984
103,0.0410065967135817
104,-0.002964492546438448
105,0.008021075870645638
106,0.042693803237295866
107,0.04003818544640144
108,0.033707514180237985
109,0.0029142323379664843
110,0.00918019628423325
111,0.051393289576902805
112,0.03450063055978414
113,0.020703070633090414
114,0.022891224807672972
115,0.018723168117182432
116,0.007084295368849576
117,0.0010852168286960386
118,0.0043202299930561105
119,0.020642172008230295
120,-0.004439191952922695
121,-0.026309237860079555
122,-0.004900343707610279
123,0.028872545185993363
124,0.01750728475381801
125,0.033467923023976276
126,0.023679771362576874
127,0.02853476863824117
128,0.03133642259831928
129,0.03879025105983125
130,0.05211483693733845
131,0.029618038428864766
132,0.03604828101667433
133,0.03578167092251825
134,0.0851149469877917
135,0.04130683002177717
136,0.031189603053091933
137,0.05554025012418405
138,0.015738371682823077
139,0.03105246847337108
140,0.018722634628595247
141,0.021353489086937353
142,0.01118688360983781
143,0.02030117578821497
144,0.014713790977243242
145,0.027096207374491837
146,0.051579102967054244
147,0.03837320593195786
148,0.033541415590034596
149,0.01602288979920644
150,0.00872696213186008
151,0.04030295390243899
152,0.001290203437616081
153,0.014484066558562084
154,0.001527736683686293
155,0.06329487473860303
156,0.043113770184165456
157,0.03597770483086593
158,0.05896490365578286
159,0.046189598322206676
160,0.06883703981453362
161,-0.0009036547695501646
162,0.020900127746534044
163,0.01861277457507984
164,0.029942957878731823
165,0.03471900044890889
166,0.007857485099451484
167,0.04368634038975515
168,0.08336653550019581
169,0.06479923962278418
170,0.034807233360656206
171,0.08581507007824771
172,0.08003292592583963
173,0.03785696973598753
174,0.025247347583796
175,0.009734524738261544
176,0.013755631255323733
177,0.041048582327642295
178,0.04283315082976745
179,-0.010976747852162782
180,0.01991259119363209
181,0.028215323876235644
182,0.029381674971931383
183,0.035486036893380056
184,0.052923552722375526
185,0.026488737553193673
186,0.05949265354654674
187,0.03742739065694242
188,-0.0026185727211652855
189,0.01825763800793211
190,0.054734402851876925
191,0.02363212840396543
192,0.03484696363148299
193,0.003577336339846401
194,0.04287599986117957
195,0.018524597066464667
196,0.05447158906814248
197,0.029985808024104103
198,0.025370509369085643
199,0.04196527010215176
200,0.03127665382385091
201,0.023977720692211903
202,0.04939778578798253
203,0.04061675848798423
204,0.03882876121673647
205,0.0706996651047954
206,0.0315338052829777
207,0.06625811427620636
208,0.01825746911192602
209,0.045092548550536266
210,0.04025711123436904
211,0.02626452792493682
212,0.019652728716072286
213,0.021363300847311667
214,0.0430915466805928
215,0.019788833669044954
216,0.020892167748209536
217,0.03976235317162455
218,0.021709069501649404
219,0.03708966623596921
220,0.06316558800763758
221,0.06294410433798425
222,0.04245455924341637
223,0.019160068502264455
224,0.02018726311516928
225,0.010935660253088175
226,0.04459637490663978
227,0.02156237078832709
228,0.017075591640651557
229,0.00889209501696576
230,0.03309783819376717
231,0.03917393269018134
232,0.011112992016726494
233,-0.001977655069013027
234,0.03765702169955818
235,0.028613742739739188
236,0.02143468953594347
237,0.066585149005209
238,0.023755269908628977
239,0.03961298196978248
240,0.04980451574381661
241,0.03282282327081631
242,0.03887261995466949
243,0.0707033740021143
244,0.06152333334432912
245,0.05629887525268111
246,0.013691764418306475
247,0.05505020444020822
248,0.023168917133673295
249,0.02784453135374116
250,0.0051268346599261765
251,0.0125834913677877
252,0.006941561960245523
253,0.02970411435350062
254,0.06234591121582363
255,0.031410105848132294
256,0.04343632161701317
257,0.04751834425323692
258,0.06305072299701502
259,0.04884162424711754
260,0.049218432776544786
261,0.0911299321570732
262,0.06479693706730123
263,0.04838906407335568
264,0.05887380344355612
265,0.06423808691825891
266,0.05829951348018584
267,0.032905643810939494
268,0.045533006105021714
269,0.031545489741298685
270,0.05072504874470058
271,0.05212965139413618
272,0.05532780774769282
273,0.06837623453419409
274,0.10113124417499804
275,0.11651230467710946
276,0.0912096568710832
277,0.0964505292300198
278,0.09389393521662927
279,0.1064892020273932
280,0.06625322143590479
281,0.051829315962012366
282,0.05562878370686201
283,0.07031404747735542
284,0.06838380297555088
285,0.07057979140202313
286,0.07827316059672151
287,0.09197774951352666
288,0.06287207964367444
289,0.0978720650555596
290,0.11857297975029926
291,0.08341730468947788
292,0.05108244946847206
293,0.10278614818263689
294,0.08553775561405884
295,0.09350075940281792
296,0.0785128837244891
297,0.055871816082388503
298,0.1082141692094607
299,0.12114195847697436
300,0.07243374854298562
301,0.08829516887895088
302,0.09991434052249196
303,0.07163825516921245
304,0.0810870582886072
305,0.04206633413030357
306,0.061297902357136495
307,0.05292373668960621
308,0.06470131640507469
309,0.06038789221631954
310,0.08174752040310594
311,0.08711102217270528
312,0.0652797360478019
313,0.04764690550274375
314,0.08004570910919716
315,0.04096839594270668
316,0.06447149710320557
317,0.08768968423280375
318,0.11859224719698502
319,0.06676275650673028
320,0.07446526037065625
321,0.09510137830105761
322,0.12848882278801352
323,0.08699484268918975
324,0.09612510181435677
325,0.09885318971977486
326,0.09251002938847817
327,0.09375176049176824
328,0.07965282931389503
329,0.060421737304995775
330,0.08055831756311667
331,0.09150411580339228
332,0.07038558412609647
333,0.06536843770739768
334,0.0728602572204181
335,0.08106592417246457
336,0.07654154474392359
337,0.06636556709475493
338,0.08312582756619147
339,0.11225517469028273
340,0.06931566560570716
341,0.05983087420397152
342,0.0667124685154387
343,0.0778242159442131
344,0.052130152479590484
345,0.0986757161228077
346,0.08495568470506495
347,0.06936477270102462
348,0.0963132215933243
349,0.08632579482567389
350,0.1008116452933392
351,0.09969889369737758
352,0.08330895546070112
353,0.060374544287965605
354,0.09555344607170119
355,0.0858159201936055
356,0.1040974581498295
357,0.10845663821605903
358,0.09710305238038154
359,0.0728837242966011
360,0.08230210362635708
361,0.04846175829043626
362,0.06046235651596548
363,0.05315834320215045
364,0.04981353026917339
365,0.054635884255268795
366,0.07461005241024957
367,0.07480136191561233
368,0.06503716370502445
369,0.0724694179378721
370,0.0514723467994808
371,0.04537114839360195
372,0.0271200921529409
373,0.04688631574182997
374,0.04598265953101208
375,0.03725187042173703
376,0.06439645741041546
377,0.13014560247508042
378,0.07593848554926684
379,0.0783011727938438
380,0.03251967351684385
381,0.039863562735384266
382,0.04670281309804435
383,0.05375356696543037
384,0.04777315430075659
385,0.06387229355372641
386,0.07548876856202497
387,0.07949059550989458
388,0.056182841173719335
389,0.08403880768839624
390,0.07183828350905803
391,0.06997363756074038
392,0.07710000153400395
393,0.06779633181743953
394,0.0835802390760774
395,0.0907829855227156
396,0.10990063681724375
397,0.09046881490299381
398,0.10582138387751386
399,0.052457037184381355
400,0.08739841876193241
401,0.0844462871427821
402,0.05871471202264742
403,0.11763431023431774
404,0.08037355090227698
405,0.05972947330118645
406,0.06101744734461364
407,0.06973926301400064
408,0.07942326052198957
409,0.09348060013279845
410,0.07262407858256725
411,0.06528389688527751
412,0.10347802423346686
413,0.09183131736429856
414,0.06902077029591884
415,0.11356231821743583
416,0.08467005325110989
417,0.0879307326781933
418,0.05046232679714548
419,0.0420863698490449
420,0.042208938057430194
421,0.04087993083581001
422,0.053403262920922324
423,0.06291840848979183
424,0.056255551248349404
425,0.08059145174868139
426,0.03773743778961471
427,0.06502081791351721
428,0.05697015454205247
429,0.04219481772881572
430,0.04856585173302239
431,0.08618744760211669
432,0.06500107821328498
433,0.05651678012899998
434,0.04612170894258129
435,0.0717143840528515
436,0.06419824200783457
437,0.06999870336621764
438,0.04191554236725277
439,0.07149021675507772
440,0.09184489486671937
441,0.12068992222484835
442,0.08071196289872709
443,0.08287036912980338
444,0.0781064631546851
445,0.051386162493082005
446,0.0637088767241222
447,0.07548027563209336
448,0.08524453609339147
449,0.08025991006825399
450,0.10390879927971076
451,0.0961349834921078
452,0.06776034219179393
453,0.06450315719195072
454,0.08138406327496714
455,0.056312002059959426
456,0.06456000578559952
457,0.08917552651642949
458,0.1331758605376356
459,0.08794766362637726
460,0.11158316769010822
461,0.11653012207540797
462,0.08302034062507366
463,0.07253093844732794
464,0.08391918760812307
465,0.09053558376983402
466,0.0984444188580223
467,0.09484221676649568
468,0.0746305459665833
469,0.08901693971943653
470,0.08607012555595907
471,0.09426075342443421
472,0.08959073937655444
473,0.0912826570995502
474,0.07081499388320958
475,0.06666780363080745
476,0.07626225286954065
477,0.106761550293733
478,0.04942811308902045
479,0.0753985522771208
480,0.07559315360004348
481,0.06845507256874482
482,0.0631336863861365
483,0.10929619300297248
484,0.0749475527286657
485,0.08153452510925334
486,0.06417520675499985
487,0.11336206335053182
488,0.0958008546721608
489,0.11192020050569007
490,0.10357883689980335
491,0.09084355919886801
492,0.11055565373105951
493,0.1068471438081277
494,0.1325442417982956
495,0.10188372951593952
496,0.13523655202535478
497,0.14026747950629703
498,0.16547952762857093
499,0.13032348574724825
500,0.13292893811522338
501,0.1628895412529856
502,0.11272294333507499
503,0.13427781995729945
504,0.13822635466183544
505,0.10599849212833871
506,0.14214007922786817
507,0.11706180165693114
508,0.07379550560117987
509,0.0808079341962702
510,0.06721454080729737
511,0.08633774820706339
512,0.12431363026583918
513,0.08519093698681966
514,0.08329187262078402
515,0.11202557875165454
516,0.0736353718085092
517,0.07534334274467383
518,0.08970954092551434
519,0.11335608472678876
520,0.144685139757292
521,0.12114961344681846
522,0.10538067935152613
523,0.09263167910401503
524,0.09301400553640213
525,0.0983150780672295
526,0.09392780887510511
527,0.1158953615427197
528,0.08955023781942713
529,0.0919476757694609
530,0.08884697729317269
531,0.1093311135873412
532,0.07803322069973001
533,0.0557981629094976
534,0.07379060024520924
535,0.08990810843777072
536,0.09067532839078311
537,0.09137554754391417
538,0.11781840301483677
539,0.10497156712653642
540,0.10427856672958799
541,0.10470348001960646
542,0.11510016038688603
543,0.10925918564374071
544,0.12344349796279605
545,0.14494780476182886
546,0.12927826575314558
547,0.10589285742369285
548,0.146271576764241
549,0.10820047598624576
550,0.08072485977153968
551,0.10113879954370569
552,0.10239730556954363
553,0.06239766645635674
554,0.12384679652842483
555,0.11031493085688471
556,0.09222341319381351
557,0.09180639204884525
558,0.08105735287216514
559,0.05678438285987691
560,0.07743684523848077
561,0.05036723012208182
562,0.07935260000285048
563,0.09043523811487897
564,0.08295287766281378
565,0.07066880867272007
566,0.09093464781280444
567,0.08666252448029667
568,0.0752488284413867
569,0.10111307319266516
570,0.11168324753453023
571,0.14038155606252845
572,0.10650752490145916
573,0.1059821548553496
574,0.0975896624476565
575,0.08921560290120549
576,0.08855184533239466
577,0.07542724549701357
578,0.0765078225840184
579,0.06715816253414657
580,0.10540327085508713
581,0.08428317815932207
582,0.10546005896725644
583,0.07015895523865676
584,0.08004722242396424
585,0.08869006477817806
586,0.08543727736509081
587,0.08534768489783082
588,0.08128739414696155
589,0.08796758162574922
590,0.11451478645520433
591,0.10218029252225633
592,0.08954547321558877
593,0.09884616564449776
594,0.09295844461507743
595,0.08560164974309797
596,0.1210076531920362
597,0.08513058492319589
598,0.1090371460097175
599,0.12424734885482411
600,0.0947060906482815
601,0.08933085822378153
602,0.09947809252485387
603,0.0898950550863305
604,0.09207142520145564
605,0.1324686787736131
606,0.10437239122947806
607,0.09375971302000743
608,0.07910575637673188
609,0.09734699590972533
610,0.10945003567333451
611,0.059870352261131105
612,0.09103354338660867
613,0.1071094936274893
614,0.08050302834976057
615,0.08026000717936196
616,0.06946818544847548
617,0.07253236195725454
618,0.11344361282944153
619,0.10450778993176073
620,0.09637480871104022
621,0.09790739941057068
622,0.08298439873589378
623,0.07287216260323358
624,0.07347010433081516
625,0.07133975351195951
626,0.09514879591209775
627,0.09527490153347695
628,0.09762090981419251
629,0.09764604353847105
630,0.0664220838921179
631,0.09583279780505664
632,0.07528948405264016
633,0.06953060548069498
634,0.1040850472257195
635,0.08860347610427072
636,0.09593316046428461
637,0.06190733120828745
638,0.053290754722191205
639,0.07813853472062528
640,0.09385767883030828
641,0.07229548447327189
642,0.0735824859967867
643,0.10304012901650754
644,0.1324795571507629
645,0.10589842411155144
646,0.1252163104182833
647,0.0819716782322192
648,0.10759257781453364
649,0.1335538804658852
650,0.12039646415290654
651,0.08022087376179275
652,0.07280154539748335
653,0.08063291756931104
654,0.10635157628956819
655,0.10488259212079545
656,0.10208986714049273
657,0.10127486963628049
658,0.1300920412759148
659,0.11499385982898482
660,0.11485582012393648
661,0.0755037162353427
662,0.09773728378203235
663,0.10112306007411656
664,0.09534500559679326
665,0.09143748762315734
666,0.08905741762129382
667,0.10661036874294527
668,0.11057172499693455
669,0.10743164541077704
670,0.11565183614156777
671,0.09854107180084315
672,0.13442362311224546
673,0.11463232326631245
674,0.12289299750152446
675,0.12155066302533883
676,0.1340776676730133
677,0.1011500725248316
678,0.1352599495773234
679,0.09415810685217282
680,0.12723518125632421
681,0.08461453338249048
682,0.10643884805034873
683,0.06441365436571356
684,0.10052997825948709
685,0.08328642692864803
686,0.08566241148192255
687,0.07937347653210663
688,0.08710348223562113
689,0.08628794147928927
690,0.09743666140689762
691,0.08310025248437694
692,0.07876673723927533
693,0.09240820950564942
694,0.09509563505052654
695,0.09930044800054158
696,0.120949017380495
697,0.1304621732856096
698,0.11683996813828605
699,0.11257026164045994
700,0.11651861814414687
701,0.13642291734691503
702,0.15491869711831988
703,0.13628323733565065
704,0.09960519104506196
705,0.12848806706439067
706,0.09648031494987815
707,0.13904734379691286
708,0.1079264669692461
709,0.15659812354826233
710,0.15360060618125568
711,0.1450145555759631
712,0.10412238467753339
713,0.12831840586603752
714,0.1055065814130827
715,0.08855439453174446
716,0.07870939925675313
717,0.10764615513335696
718,0.12174345347509924
719,0.10327372264446837
720,0.11628258550059341
721,0.12653191755200704
722,0.10900248605924359
723,0.12881894639726058
724,0.0999436064489195
725,0.14981582026642729
726,0.15723341694703066
727,0.12181488803267548
728,0.12207730154434288
729,0.12910158703222177
730,0.15083605524992202
731,0.1244655039789983
732,0.14586224466318987
733,0.13251648918663517
734,0.12901541923864276
735,0.16400874067922816
736,0.13687141939687347
737,0.11803012141556733
738,0.12123725851527953
739,0.10942224099329935
740,0.10922650497098223
741,0.16398308804613404
742,0.16467685012966823
743,0.1254662470200877
744,0.142682591022725
745,0.14388331407745072
746,0.1064757615420621
747,0.13857290371073552
748,0.13264230783223993
749,0.15966294012539714
750,0.14099998610427886
751,0.16101503534913844
752,0.14329810304604865
753,0.12322863092113903
754,0.12729963252922044
755,0.13327919111414907
756,0.15146892771856724
757,0.1569755838426263
758,0.1596944969762539
759,0.15572687368115176
760,0.15050387736723542
761,0.15224939599879714
762,0.14742675313664247
763,0.1783026093338597
764,0.21089325200263934
765,0.17863626131336596
766,0.19198356185255003
767,0.1754901116604484
768,0.17575998093968692
769,0.21632008485998494
770,0.2096283910909619
771,0.19533839020401472
772,0.17375201183919392
773,0.14838015389005121
774,0.14437388620585426
775,0.1403620190375036
776,0.15986951972999353
777,0.16697536364122625
778,0.17138580529985617
779,0.14265619681985361
780,0.14251496919040432
781,0.14908343918553563
782,0.1338584637226613
783,0.1218765230834383
784,0.12080817265844113
785,0.11810098264410186
786,0.14112495378267392
787,0.1564599724799695
788,0.14187321479041523
789,0.14537322798345517
790,0.13389678227843302
791,0.12410339035224162
792,0.1753147524907649
793,0.13055294926992625
794,0.14029938175030518
795,0.1546851729162828
796,0.15298083188456205
797,0.16897322185030011
798,0.15342818354139415
799,0.14062403352211802
800,0.15145070133310218
801,0.1500730076343849
802,0.14114946250982122
803,0.1403007101804627
804,0.15216265628500847
805,0.1307718296148754
806,0.1493511149790883
807,0.20818250455678827
808,0.16954401905737027
809,0.17716037540834353
810,0.1555455983022532
811,0.17111981401052392
812,0.14142677569623235
813,0.17325375862841152
814,0.16513007183189932
815,0.16437279092558202
816,0.15539225432560771
817,0.13669209937831198
818,0.18646464296107135
819,0.15280800710511197
820,0.14931226617831922
821,0.17186665219637282
822,0.16197907432300931
823,0.16386869401128012
824,0.19831017686243105
825,0.18779175402605627
826,0.21014057886113394
827,0.16762371848402707
828,0.20034603156175967
829,0.16702030056146147
830,0.18496282029760774
831,0.14444653278475997
832,0.16932005967696875
833,0.16216890163896008
834,0.14164567350414392
835,0.14699625028982025
836,0.1580250970716363
837,0.14317066837200493
838,0.1643404572841516
839,0.18561237097655323
840,0.16781540362328118
841,0.1888583296833032
842,0.15819203617748273
843,0.14770403650823968
844,0.1497451457900237
845,0.17175230550482223
846,0.14987760845393747
847,0.16206801191279704
848,0.14723927830779698
849,0.12480064686301591
850,0.1455914602985101
851,0.17560383623805847
852,0.17812805211714242
853,0.1885512245191991
854,0.14772877556301514
855,0.14631440518739178
856,0.1255675158530765
857,0.14263417225644562
858,0.12823928770329046
859,0.10128995485090457
860,0.13229200378773187
861,0.10932772921280415
862,0.11585908307377825
863,0.13230827799092226
864,0.09933890616172195
865,0.14566822787443667
866,0.13609422301397614
867,0.11153067042110841
868,0.11497758375827305
869,0.12473601794625064
870,0.10772786417066603
871,0.09631837408461486
872,0.12824223029436577
873,0.11695552423008335
874,0.11432831268330743
875,0.11662109090587244
876,0.13037336281832498
877,0.12894267590902805
878,0.12296027184413216
879,0.12831023795034063
880,0.09461273637059886
881,0.09758815981380073
882,0.08933866819789425
883,0.09903658807723903
884,0.1378897922322786
885,0.11377307173215681
886,0.13754190249966017
887,0.1080867936735916
888,0.09874967828856634
889,0.10890553182298501
890,0.11363546591455911
891,0.13438584751372165
892,0.11368693978188173
893,0.12735239498624581
894,0.11231971068967196
895,0.09845573665965958
896,0.1370710982153625
897,0.15187885922843142
898,0.1489838806089033
899,0.1204894085588073
900,0.15900557540966118
901,0.14041662355002657
902,0.14325568167701616
903,0.1574409900729631
904,0.11684608489307895
905,0.12576194287401038
906,0.1258879713045087
907,0.15408489989960084
908,0.14520800588325253
909,0.12892576799360686
910,0.16639368677922856
911,0.13393925407054083
912,0.15632486471784868
913,0.16645616034705885
914,0.20523522351298368
915,0.19688957774626342
916,0.18839062266671425
917,0.16732640286662281
918,0.1952458014462509
919,0.17877810017926324
920,0.18180064108679111
921,0.1487110606459972
922,0.14317549342455937
923,0.15220295821393695
924,0.14289988338481815
925,0.14785637022138437
926,0.14699819811454512
927,0.18023183230150844
928,0.1656638066370043
929,0.16938957815768244
930,0.17758393418843316
931,0.17513533280554008
932,0.19737861988326225
933,0.1944911088261767
934,0.16765965519656909
935,0.17487357374541895
936,0.20526496473996603
937,0.17218981555370266
938,0.1697027546335608
939,0.15110420391952814
940,0.16712311196705104
941,0.15520132281311047
942,0.1480871632554164
943,0.17828793684144492
944,0.14195255020814115
945,0.14598285479186485
946,0.15035402185486732
947,0.12548579996818912
948,0.15656678778571775
949,0.16455645479870729
950,0.2139029084547333
951,0.18629002349364399
952,0.17023818419787176
953,0.16920234482882926
954,0.16588450090212417
955,0.198901422281107
956,0.2137407889299313
957,0.19540755634570808
958,0.1910948636355623
959,0.19324993303198607
960,0.18352557589848928
961,0.17700430789759583
962,0.18756599435511342
963,0.17144356239347644
964,0.14296902426582847
965,0.1867507148551836
966,0.14629545721790385
967,0.1649452708676419
968,0.16518747219618596
969,0.14090977971396118
970,0.14984879820270933
971,0.13237208745899534
972,0.17944044098743497
973,0.16098563266772942
974,0.14015162782191645
975,0.14511815943309458
976,0.1166544547965581
977,0.1335814768282626
978,0.1657976226313597
979,0.16671891738435643
980,0.17223423890557799
981,0.17287795793798388
982,0.16485792191598053
983,0.1781074900850274
984,0.1612920711267264
985,0.20320264071098784
986,0.20175269716697075
987,0.16330081626423193
988,0.1541939102309209
989,0.1418387534197072
990,0.16194194115181565
991,0.20373866254166187
992,0.16825830160219118
993,0.21285649144499882
994,0.18390068904620366
995,0.16101766128067957
996,0.13237981837470605
997,0.1675579637467845
998,0.1567741859871544
999,0.14194655091060962
1000,0.14862489072278878
1001,0.15948464914384047
1002,0.16897023165381325
1003,0.1380814848088544
1004,0.14937474659372768
1005,0.14116690515884378
1006,0.1637853434227406
1007,0.17196540921320136
1008,0.1523445972550541
1009,0.15513463985225057
1010,0.1816921219135752
1011,0.14585529250386492
1012,0.1598568632104497
1013,0.17373025151366941
1014,0.15997760265678435
1015,0.16219261106698726
1016,0.15178790638657047
1017,0.1620587869800395
1018,0.1626679513639624
1019,0.16218507096608556
1020,0.160380852961731
1021,0.1507422297343623
1022,0.13717626050264436
1023,0.13924710881625393
1024,0.12720878197510546
1025,0.10546971840997167
1026,0.12209881725733951
1027,0.12132147520778022
1028,0.14503368148419182
1029,0.13636588760369941
1030,0.15400187737230456
1031,0.17014705413806763
1032,0.15956611415836533
1033,0.14874368381875747
1034,0.1631716536087611
1035,0.15253379646133808
1036,0.14454836311915528
1037,0.14784369781152756
1038,0.13913410945941868
1039,0.13699578635591428
1040,0.12262339154279046
1041,0.12133213924590551
1042,0.13225651442845218
1043,0.13344087675150018
1044,0.12524210612972048
1045,0.12780686062148608
1046,0.13086533922446195
1047,0.12882391852530894
1048,0.11880265050231542
1049,0.12120646626696278
1050,0.1111977436623771
1051,0.12417434246681305
1052,0.13305606900580103
1053,0.12598967962751204
1054,0.13665165197930265
1055,0.11034639983594939
1056,0.12239160164554196
1057,0.1294625098028907
1058,0.11820130588880123
1059,0.125389042509702
1060,0.0963082975621406
1061,0.10124841085648817
1062,0.11177121407876461
1063,0.19051478746867076
1064,0.11362586914848018
1065,0.11381640943164484
1066,0.10183655841771204
1067,0.12167982558251893
1068,0.09872454082924516
1069,0.1281511469225943
1070,0.10709282413228854
1071,0.1368266561561198
1072,0.13658957245846845
1073,0.157530363417723
1074,0.1411230526459818
1075,0.133888503327127
1076,0.13329215669208766
1077,0.13773409409758774
1078,0.13944978716883644
1079,0.13116888332030244
1080,0.16042110525390885
1081,0.1248101450763916
1082,0.12687836391999865
1083,0.14736461886794666
1084,0.15777967937994586
1085,0.16096204649610873
1086,0.14049808362580515
1087,0.16902138574906597
1088,0.1633108168408395
1089,0.15761250260744022
1090,0.13169642447460567
1091,0.13070537075657246
1092,0.1355864595328384
1093,0.14719773965383634
1094,0.1305340294115486
1095,0.12857530937075606
1096,0.1324144428422751
1097,0.11016479210378492
1098,0.11504992842123361
1099,0.13185552670747977
1100,0.10693033483826768
1101,0.11617078420782297
1102,0.14119431103404784
1103,0.14865201522478239
1104,0.16461290249778174
1105,0.14714990434053
1106,0.13963973774119362
1107,0.14747499373483627
1108,0.11325552119434765
1109,0.13733702296196182
1110,0.1320009449892185
1111,0.14537792362005922
1112,0.13128289549619396
1113,0.12771220346920079
1114,0.17792651668760073
1115,0.1668330427582502
1116,0.18395328522830556
1117,0.1564695356306652
1118,0.1479150340457451
1119,0.159853157163558
1120,0.15192031259891906
1121,0.15334381141869888
1122,0.1646939547900974
1123,0.14409835646952934
1124,0.15660612695826628
1125,0.18119454261587697
1126,0.16149490196078556
1127,0.20447845221063904
1128,0.1789289180876123
1129,0.1613159884721259
1130,0.16065734420942174
1131,0.1624724161820948
1132,0.1509821589119811
1133,0.18559860649265694
1134,0.14056748435438568
1135,0.1817553194571664
1136,0.18035459879478782
1137,0.20508344756620336
1138,0.18698738396310446
1139,0.21232266919402742
1140,0.1923766620153665
1141,0.21758548306081918
1142,0.19804266501759116
1143,0.21222232478408662
1144,0.20769553654792908
1145,0.19463631611077115
1146,0.1617131903342434
1147,0.1937696206366794
1148,0.1644529970341637
1149,0.16309077552014362
1150,0.16871562582281138
1151,0.12808101091483468
1152,0.15376558612619518
1153,0.15988028104304447
1154,0.18691557652377344
1155,0.15893344649455693
1156,0.14960087292135413
1157,0.1636957827033429
1158,0.17316930505557637
1159,0.19134586619887167
1160,0.20905872321006688
1161,0.1952311496276246
1162,0.1982802510784745
1163,0.17116995017560946
1164,0.21651477955897303
1165,0.14242958549366694
1166,0.18041901271725788
1167,0.1466274254139873
1168,0.15436224175410232
1169,0.1498811598569594
1170,0.1395576570671441
1171,0.12185944217656955
1172,0.13219376345179856
1173,0.1543891639412875
1174,0.15785324913688492
1175,0.14905035440737674
1176,0.14298462901177522
1177,0.14993059190098446
1178,0.18164083666590503
1179,0.21293004478740843
1180,0.189265699576439
1181,0.2045965390886813
1182,0.19715320013396095
1183,0.16382918810511868
1184,0.18231689867734768
1185,0.1360011189841488
1186,0.17181906870357147
1187,0.15975644259253408
1188,0.1505158568939232
1189,0.1391099580513485
1190,0.12375643601845401
1191,0.1444799365159001
1192,0.12439345795562937
1193,0.12661982115749704
1194,0.1389683831284628
1195,0.17609822502303688
1196,0.1274412460475464
1197,0.18009785258778496
1198,0.16955154267821562
1199,0.16945182139788473
1200,0.17309746577009247
1201,0.17925764105587794
1202,0.17418562374859617
1203,0.17527897029103875
1204,0.17123707652534437
1205,0.14344205342327543
1206,0.20322894399505861
1207,0.14673908700305854
1208,0.1484735148187307
1209,0.15298348540299686
1210,0.1544817692118713
1211,0.15072621449412674
1212,0.1691225910863302
1213,0.1752727464977877
1214,0.1582695264841558
1215,0.16702721537036022
1216,0.14349460904412514
1217,0.13924996923639157
1218,0.16304411900594556
1219,0.1707242284061902
1220,0.15352655709384738
1221,0.12601281392450323
1222,0.1682813293849407
1223,0.18070523696179241
1224,0.12178311513481703
1225,0.14625535727614863
1226,0.12684186446103582
1227,0.1602491127664554
1228,0.15158611219065513
1229,0.16130798178576874
1230,0.16378210435446675
1231,0.18094376500697665
1232,0.1675121384433864
1233,0.1446926982385351
1234,0.13837913975815672
1235,0.1090650965786366
1236,0.12500367817712585
1237,0.1077691550667997
1238,0.109562032171227
1239,0.13915951521930126
1240,0.1748380970656261
1241,0.16362082662308564
1242,0.1720312584475919
1243,0.11905626336896115
1244,0.19050875163980133
1245,0.1566312769987837
1246,0.19394332688618707
1247,0.15907323917960706
1248,0.17582978203862518
1249,0.18583260216191558
1250,0.16579279230387678
1251,0.1947684824613039
1252,0.18160359252462938
1253,0.15634061912760827
1254,0.15755631573884185
1255,0.12281297732598534
1256,0.10982956799897213
1257,0.13186872634808916
1258,0.10904467212059135
1259,0.12261794149310477
1260,0.12697085602534394
1261,0.11371508955307377
1262,0.10011099113879739
1263,0.1694864008155976
1264,0.1202038970193783
1265,0.11888003285315141
1266,0.14849499740779684
1267,0.13164527680100493
1268,0.14873378497291587
1269,0.14827645832779424
1270,0.14018595971114714
1271,0.14999936337317465
1272,0.12602378754523982
1273,0.14743617668192935
1274,0.14769290657269332
1275,0.14555920073542492
1276,0.13564737722607392
1277,0.1684827925708949
1278,0.15960289748056714
1279,0.1887447875002743
1280,0.1851601083611866
1281,0.1901247933869529
1282,0.24968722503276639
1283,0.24282305692302866
1284,0.2103130786918762
1285,0.20519774298282673
1286,0.23257658083591257
1287,0.25576707662165454
1288,0.22732852848005125
1289,0.17691720359122606
1290,0.2126872765842383
1291,0.197569128680673
1292,0.2247646003828464
1293,0.20004729476063957
1294,0.2295128735336714
1295,0.18029990387913375
1296,0.1598949160539789
1297,0.20572961593471412
1298,0.22327120833307704
1299,0.23245080327577658
1300,0.1845642644825416
1301,0.1817762095505246
1302,0.18073336635406778
1303,0.16085296519897882
1304,0.17243309257452055
1305,0.13816922911805293
1306,0.14032398883357475
1307,0.12485241953374776
1308,0.16042094186217615
1309,0.12378949032652838
1310,0.12531688620428533
1311,0.10590621167540848
1312,0.14881667333354975
1313,0.15718048703559456
1314,0.1394741617620849
1315,0.11562352016097927
1316,0.13626449738182564
1317,0.11596786494499162
1318,0.09781417025681555
1319,0.10513408748038544
1320,0.15455656668387138
1321,0.1714056913875482
1322,0.15677477795864564
1323,0.14948240234959187
1324,0.15737677224023056
1325,0.1513705622587064
1326,0.1521642588148725
1327,0.1419709197702401
1328,0.1566576134395486
1329,0.14432184710208237
1330,0.17912059922971554
1331,0.14705820973231065
1332,0.15781167749004776
1333,0.1406273060419578
1334,0.14708830913022186
1335,0.15276825927303228
1336,0.1357552859491666
1337,0.16566046118554292
1338,0.18492862224740414
1339,0.16706323425383976
1340,0.21936212455749626
1341,0.21709164257354416
1342,0.22342836958880435
1343,0.19020482686448598
1344,0.16053194388859005
1345,0.15746500888702047
1346,0.15195805219032135
1347,0.1808251512913441
1348,0.15619213126334514
1349,0.17274584512306185
1350,0.17288223642930184
1351,0.17461929954688526
1352,0.18260821892884418
1353,0.17291304679585162
1354,0.18786774595813266
1355,0.15012560732218477
1356,0.1809710625987083
1357,0.1839097630046069
1358,0.20265014324693023
1359,0.19579103192620706
1360,0.18869241535520226
1361,0.1359629255523049
1362,0.15339323288010326
1363,0.182167280962693
1364,0.1907482606251255
1365,0.20805064821479277
1366,0.20767331055432814
1367,0.18618513789438762
1368,0.21606605648622984
1369,0.1962095571466264
1370,0.15499230547069948
1371,0.19607633564655422
1372,0.1894103534194555
1373,0.19172794736346027
1374,0.21777084388830678
1375,0.17202650455030594
1376,0.16461786574691298
1377,0.1726095677356218
1378,0.172580221505778
1379,0.15846889745650072
1380,0.1480409734577277
1381,0.16931878166988662
1382,0.1548280843619183
1383,0.17700953446723167
1384,0.1425840961141503
1385,0.11807026129606782
1386,0.13271222720752773
1387,0.18227747841505812
1388,0.11728062623834927
1389,0.13563487626777876
1390,0.1342581809066367
1391,0.1232993141126422
1392,0.12287719453621093
1393,0.13921070522338494
1394,0.15040453208119464
1395,0.12032101540742265
1396,0.09752159191846425
1397,0.1081612253079964
1398,0.12691391903568652
1399,0.1194190938290287
1400,0.16610771012870315
1401,0.15767126442752444
1402,0.12991906086968913
1403,0.15067681855551365
1404,0.14795326282943977
1405,0.12553308685273765
1406,0.13680577228783256
1407,0.1446239933746049
1408,0.16127192679687732
1409,0.14361551453603863
1410,0.13067717865489745
1411,0.13250802535071976
1412,0.11782389080811106
1413,0.13160267054736283
1414,0.1448432453562945
1415,0.1278886686701883
1416,0.12884452429673887
1417,0.13169476611568354
1418,0.13574588989248287
1419,0.11807428704950214
1420,0.14897888374438856
1421,0.11282042732487818
1422,0.1845584663203313
1423,0.14891153158839288
1424,0.16531995727035545
1425,0.17769925926456834
1426,0.17081809811975412
1427,0.1794413115472365
1428,0.1393336939189364
1429,0.12551847536601893
1430,0.1283100835685791
1431,0.13036461760919899
1432,0.13214174364574682
1433,0.12323184990536812
1434,0.1221428241519631
1435,0.13048022238760457
1436,0.1408277780983137
1437,0.14491667013460566
1438,0.13305775285475074
1439,0.11569539420857018
1440,0.14744396237826504
1441,0.1474283984556789
1442,0.14856947887553346
1443,0.1446939413852195
1444,0.12179515275552012
1445,0.1421595126546058
1446,0.1437799328812808
1447,0.12602442361644478
1448,0.12009142358275439
1449,0.17390515628593126
1450,0.13531093477657025
1451,0.12281557878316825
1452,0.16800253708888951
1453,0.14233199974033423
1454,0.1460014071744707
1455,0.1512052343322964
1456,0.1317488482877672
1457,0.13891912912146923
1458,0.13444597796481675
1459,0.13128236263011392
1460,0.12005834417781473
1461,0.11198300898234176
1462,0.13516325741655522
1463,0.1384381234856413
1464,0.13429827632702468
1465,0.14862712345918552
1466,0.13756313061437528
1467,0.15104138797279132
1468,0.15389062290287875
1469,0.12367445743556923
1470,0.15474166917091142
1471,0.14065051870931702
1472,0.1459102885163756
1473,0.11540863732730018
1474,0.12867352873802895
1475,0.1361585547655086
1476,0.1365747274005321
1477,0.14000939615403732
1478,0.19256364260633585
1479,0.14647597005836493
1480,0.1546985777548914
1481,0.18835689585438753
1482,0.16741648881819776
1483,0.14887131556544467
1484,0.15977915659894015
1485,0.1732638687662693
1486,0.19928124747995485
1487,0.16774877419803202
1488,0.15905557305053447
1489,0.19577435745094954
1490,0.18220420497149992
1491,0.17363876059632682
1492,0.13743703806564525
1493,0.1231527697155543
1494,0.1347650638678593
1495,0.11977270967685118
1496,0.11747236252147626
1497,0.13126282589996086
1498,0.11151537666660506
1499,0.13023319538399894
1500,0.12359190801367116
1501,0.1469121782155485
1502,0.14168623544446007
1503,0.1399282623132911
1504,0.14200326749998904
1505,0.11518287601818061
1506,0.11704498525005418
1507,0.11027622149770666
1508,0.08441975117210893
1509,0.1240469551033091
1510,0.11191377878794379
1511,0.08605406611771911
1512,0.09754350115424054
1513,0.09493782291447776
1514,0.10157859085177336
1515,0.09671273357930056
1516,0.11285800558865042
1517,0.09947432249078465
1518,0.09192307746681777
1519,0.09892880532992586
1520,0.08359343291754164
1521,0.07175331377954401
1522,0.11204936076942289
1523,0.09516609413947247
1524,0.0888338029132462
1525,0.11125073955956609
1526,0.09084237830289384
1527,0.1288941446327808
1528,0.13815551210851407
1529,0.13297737978321125
1530,0.1652274390197119
1531,0.15441044244489
1532,0.16623319697802205
1533,0.11162862004622455
1534,0.11354505858550139
1535,0.11353122834519694
1536,0.14181846653573157
1537,0.15004103868382615
1538,0.1326516666040246
1539,0.1304720768821634
1540,0.13515458412338138
1541,0.14808651420985286
1542,0.12803027914150586
1543,0.13670566849326868
1544,0.1167085302193543
1545,0.11537952227693635
1546,0.134765421842207
1547,0.12292944155735525
1548,0.1141239186028587
1549,0.09135957148886244
1550,0.10282435580109
1551,0.08861233002279482
1552,0.08726283422489765
1553,0.08794572638427323
1554,0.14555717322979086
1555,0.11423740705369553
1556,0.13318702707004704
1557,0.10505694017512618
1558,0.1387199325494035
1559,0.1559013171101233
1560,0.13661787723392912
1561,0.1354241047003517
1562,0.1560337615247499
1563,0.16147284656689434
1564,0.13035627506387806
1565,0.11332151297574226
1566,0.11898654381845335
1567,0.11858256855484012
1568,0.12145738531602973
1569,0.1330240697489753
1570,0.1585445960566775
1571,0.14384764340478648
1572,0.15806655512730886
1573,0.14837393445434985
1574,0.11103701979849986
1575,0.12349915756787826
1576,0.12113228969665249
1577,0.14762064981428824
1578,0.1455501376545141
1579,0.175531708600732
1580,0.1686254289011544
1581,0.12715711326305967
1582,0.11769473699879376
1583,0.135060605995291
1584,0.13228934568240253
1585,0.1463806399431377
1586,0.1548589221187805
1587,0.12419918797030306
1588,0.12755993387428763
1589,0.13373244911837326
1590,0.1255141576567534
1591,0.11603800282027257
1592,0.1320633326510687
1593,0.14423323734419305
1594,0.1516056533111215
1595,0.11726483863913205
1596,0.0995637426546313
1597,0.12129099726002347
1598,0.1063969670830085
1599,0.11874358240873664
1600,0.12067880883488534
1601,0.104768762339485
1602,0.10983030042772383
1603,0.13918483133816095
1604,0.11094199159921755
1605,0.11915837694408837
1606,0.14067491066723722
1607,0.13868221350073553
1608,0.11399226742609891
1609,0.11257309811045585
1610,0.17298747250005714
1611,0.13629800756168056
1612,0.15718894628461547
1613,0.14527824833972688
1614,0.1433350650277891
1615,0.1756390240745556
1616,0.14303349644185803
1617,0.13199997450064516
1618,0.1340880948963312
1619,0.1362960989549032
1620,0.10181871664334599
1621,0.12535071595962866
1622,0.12439121873205335
1623,0.13606424058187336
1624,0.13014352510335098
1625,0.11975135293251042
1626,0.07060997365890613
1627,0.08217343216175393
1628,0.11499464258252143
1629,0.11410819158341168
1630,0.09628051539777462
1631,0.13650546765342855
1632,0.14191039442029693
1633,0.15859005788145464
1634,0.12694697603037045
1635,0.1468007824370102
1636,0.1379151832813355
1637,0.15542619478892483
1638,0.12513404112458146
1639,0.1311795863470303
1640,0.14884853137955356
1641,0.14624029820682286
1642,0.13363883925237952
1643,0.1206358564672942
1644,0.12598238944683018
1645,0.11672447813053212
1646,0.12726693347612053
1647,0.10967243921190466
1648,0.10661970690646835
1649,0.13222066883129202
1650,0.10979078298879931
1651,0.11299535680084295
1652,0.17624198196437219
1653,0.1426734912466587
1654,0.14049463172562923
1655,0.1367555602424075
1656,0.09072987865544456
1657,0.10723972149090381
1658,0.09876462966416323
1659,0.12082115442156445
1660,0.10895574200088866
1661,0.14965909103062933
1662,0.13905632844192864
1663,0.13477230801577894
1664,0.1396981581652772
1665,0.15056762651764669
1666,0.13899155222032475
1667,0.1625185564085599
1668,0.183046303944943
1669,0.13048261717242926
1670,0.13868306135540964
1671,0.13395824053717853
1672,0.18571885766407828
1673,0.14877415858845172
1674,0.11827060088946496
1675,0.1441395353143846
1676,0.16002255690892794
1677,0.1316865490219257
1678,0.12244412817237557
1679,0.13689003733930616
1680,0.1389152192198831
1681,0.14825128558214945
1682,0.12546748331919405
1683,0.12942820779400094
1684,0.12770542000930066
1685,0.15311127638044822
1686,0.13805713419851118
1687,0.14723560987343975
1688,0.14794230483690785
1689,0.1798321971574164
1690,0.25071972527370884
1691,0.18785728285874756
1692,0.17530622492978037
1693,0.15622357596463263
1694,0.16628607423846287
1695,0.19787283076226336
1696,0.20961686239047078
1697,0.19746511609848308
1698,0.1746758917331348
1699,0.18989558997395325
1700,0.22334398937351677
1701,0.2124030460661365
1702,0.18436325382648755
1703,0.19805139816973738
1704,0.17947094435969232
1705,0.1587455694933595
1706,0.17795594571088924
1707,0.16505985014750407
1708,0.18122834104928404
1709,0.15807009699614305
1710,0.15939441860680004
1711,0.17920789900331555
1712,0.16075385459811584
1713,0.1826128124087564
1714,0.12596332578931183
1715,0.13497216709921966
1716,0.15893986267526627
1717,0.18308533998929588
1718,0.16387611554096065
1719,0.18615665134685278
1720,0.17020338356079265
1721,0.16656776466547657
1722,0.1828059265622103
1723,0.2078187342092861
1724,0.193190854880003
1725,0.16965452651827262
1726,0.20499848157173184
1727,0.19174783210784732
1728,0.18850078588118863
1729,0.14603171642280258
1730,0.17397507317119074
1731,0.18523748327470085
1732,0.19528484774558927
1733,0.18375409887846186
1734,0.14753018583708427
1735,0.1455406350835888
1736,0.15420962293270452
1737,0.2056660525862914
1738,0.17625968419885668
1739,0.1938374869835419
1740,0.19950179054137568
1741,0.1919922147012799
1742,0.19454144982886262
1743,0.19666653089574782
1744,0.20287965634083185
1745,0.20199758150112818
1746,0.21645474815203436
1747,0.20148036941060174
1748,0.17906592443086988
1749,0.18393762953506704
1750,0.20411803678325885
1751,0.1933544252067531
1752,0.1793746742587398
1753,0.19869294514380711
1754,0.1997613311827633
1755,0.19043967202659523
1756,0.19108178312315438
1757,0.1946885457017166
1758,0.19282264104403676
1759,0.1790950920011751
1760,0.17849534002293835
1761,0.16791714749471637
1762,0.17902479165154023
1763,0.18179181344319492
1764,0.18266264996701367
1765,0.15733502068884056
1766,0.17739147720589865
1767,0.16499926880468538
1768,0.17890321414682733
1769,0.1820379894154884
1770,0.17484571471780758
1771,0.17956396372855368
1772,0.1770835234990863
1773,0.16770698503410772
1774,0.17548610343550358
1775,0.17704200381521057
1776,0.16236290348754276
1777,0.1732948658849499
1778,0.1828559692857034
1779,0.19297425576147767
1780,0.17521704642974378
1781,0.1581281750413201
1782,0.1527049398491032
1783,0.1511098151985535
1784,0.16466016002620595
1785,0.16009571456616487
1786,0.14295964344418705
1787,0.15416285023902293
1788,0.1682163164140565
1789,0.16366660455041693
1790,0.1834769512461766
1791,0.1821327424011041
1792,0.17183556668168362
1793,0.14679265753983065
1794,0.18339609111197452
1795,0.17626742631969503
1796,0.1731998551158664
1797,0.20009072147864318
1798,0.1884220318850967
1799,0.18840822343254077
1800,0.18864046775997437
1801,0.18613390090739948
1802,0.18257531382589326
1803,0.21735932125028776
1804,0.2092467493508609
1805,0.15720553236386445
1806,0.1785607860621849
1807,0.18382733942743418
1808,0.2116423037909825
1809,0.2107950927892107
1810,0.20835475413967527
1811,0.21868722040926486
1812,0.22820199122885843
1813,0.21963845110291288
1814,0.18081133110944367
1815,0.19770385618924477
1816,0.19545114678307987
1817,0.19217004981105618
1818,0.20494623376426266
1819,0.1535693364044641
1820,0.1846469838488788
1821,0.20309645656191488
1822,0.19275040407480507
1823,0.22074896891404472
1824,0.21611679333790593
1825,0.21994061107059168
1826,0.18386781598598673
1827,0.18320385872345005
1828,0.16934341676597586
1829,0.17737268270079345
1830,0.19665913488885836
1831,0.2204699855083128
1832,0.1947701159199418
1833,0.1772979233327807
1834,0.2092371685406218
1835,0.2027928610928568
1836,0.22246006850538133
1837,0.2252378582952719
1838,0.21088552747581737
1839,0.23981030195821212
1840,0.21172486753054395
1841,0.19653514516912196
1842,0.21341343049723524
1843,0.17330673811107108
1844,0.1938589315341476
1845,0.17143094702492828
1846,0.20643799749926867
1847,0.19131492448332313
1848,0.191906253940458
1849,0.1735849081293642
1850,0.19803338527144504
1851,0.2040275665809837
1852,0.19976889526657038
1853,0.206595545331907
1854,0.16323565969078813
1855,0.17854834090018423
1856,0.20396477553453093
1857,0.188361933181864
1858,0.1736549295958168
1859,0.151946151001238
1860,0.14921849357586325
1861,0.1529418000667046
1862,0.1306421034921859
1863,0.1393563563227801
1864,0.15619492071767313
1865,0.14384285589923937
1866,0.1749323540768986
1867,0.18460467764366018
1868,0.1554907455319033
1869,0.18532793404820153
1870,0.17263259725483848
1871,0.17010147541300932
1872,0.1719974278660377
1873,0.19707677739420584
1874,0.18081345376037397
1875,0.15379600182324168
1876,0.15949189289859775
1877,0.1754334958516925
1878,0.1392956419600225
1879,0.15557867790377408
1880,0.1403480997786833
1881,0.16019337115425325
1882,0.1534853645538358
1883,0.17079572459196954
1884,0.2117267804948711
1885,0.15386063119869636
1886,0.15370471725062193
1887,0.15810213245667132
1888,0.1370554343640046
1889,0.1513514849060317
1890,0.17319318059470937
1891,0.18582782255237967
1892,0.16125166533740237
1893,0.1993283841109469
1894,0.1708338400793716
1895,0.2047115786306375
1896,0.19184840691094338
1897,0.17297251365437497
1898,0.16916202949961642
1899,0.18084730196158572
1900,0.16735074984021395
1901,0.17875815193915146
1902,0.1715600967060406
1903,0.1709872065317999
1904,0.20185778757106385
1905,0.15439653567039968
1906,0.1799262435647069
1907,0.17032254108552483
1908,0.1733229042273705
1909,0.17976998042291142
1910,0.18176008163650345
1911,0.1519924393843936
1912,0.1545397328467954
1913,0.18814772413021477
1914,0.194366398243215
1915,0.20446109979238286
1916,0.18521103137525002
1917,0.15501330139026517
1918,0.19279843236531333
1919,0.1832719596571997
1920,0.14990043080934312
1921,0.17475821760945584
1922,0.1856034778400816
1923,0.1693099632342673
1924,0.15741924796396212
1925,0.1776986589383764
1926,0.1644104189899224
1927,0.1603422446780484
1928,0.16751137213714282
1929,0.17126893270382693
1930,0.17198486193765905
1931,0.17991954352075867
1932,0.18169700299176889
1933,0.18807237089042597
1934,0.1588518538660759
1935,0.1881962305061779
1936,0.1659156060094053
1937,0.16798345003820941
1938,0.17058595588348532
1939,0.14534569947435183
1940,0.1611372273011254
1941,0.13925086689163402
1942,0.1761989910013405
1943,0.15993971241866303
1944,0.19495555393831018
1945,0.1756821687968417
1946,0.18847160143766462
1947,0.20998389257832603
1948,0.21804505266455945
1949,0.21892915500989726
1950,0.1740807923074578
1951,0.17751374779036178
1952,0.150882957425081
1953,0.1759546613210117
1954,0.16311883067025604
1955,0.14146793838866642
1956,0.1509675972258306
1957,0.15265122869125303
1958,0.14011734366915146
1959,0.104681021830856
1960,0.12357390137321343
1961,0.11206274031458516
1962,0.13305880564531575
1963,0.13504106870815782
1964,0.12175740946183859
1965,0.14618806239080642
1966,0.14821209741244512
1967,0.15658313357722514
1968,0.15665294568471005
1969,0.1634106215371222
1970,0.1494548688604316
1971,0.1256048772877956
1972,0.14549582587560034
1973,0.17671270751790308
1974,0.17768240114971542
1975,0.14874897195106937
1976,0.14673564329376546
1977,0.15342045803166632
1978,0.16620386631085593
1979,0.20948351078641414
1980,0.199847702798273
1981,0.15240056873619492
1982,0.1673541865053477
1983,0.15872432624189256
1984,0.17831169420251908
1985,0.16155616914261411
1986,0.15762231643191701
1987,0.1478018168114238
1988,0.1878365832525627
1989,0.18302945641271073
1990,0.19912182578412782
1991,0.17001767973189125
1992,0.2404612881713004
1993,0.2280299095590716
1994,0.20087125387710464
1995,0.1761374107312028
1996,0.1867660297749285
1997,0.1962018134203749
1998,0.18424093412949055
1999,0.18774510101755618
2000,0.20324103259154344
2001,0.22189575647901838
2002,0.18477214047456136
2003,0.18140350334290525
2004,0.17538905510238184
2005,0.1812046191711148
2006,0.1915678251690798
2007,0.1860989182689015
2008,0.18960867340322962
2009,0.1941639501199701
2010,0.17296060073594743
2011,0.1640603521206205
2012,0.17414218582546462
2013,0.20643568550788863
2014,0.2103978060367826
2015,0.1820037164023242
2016,0.14647196235763665
2017,0.16728031866579693
2018,0.1737258604140927
2019,0.1571335232322323
2020,0.14482732562175366
2021,0.15544882292211426
2022,0.18297371961674766
2023,0.13251292471096413
2024,0.14415545842356903
2025,0.1518471088761564
2026,0.15485735589090976
2027,0.1890403769710093
2028,0.17768294191180653
2029,0.19576749991270423
2030,0.1881518133793736
2031,0.17793328084978066
2032,0.18356555081460743
2033,0.1694136492623364
2034,0.21497321417454052
2035,0.1708760977290361
2036,0.16774071007720368
2037,0.19527232788273632
2038,0.18393383784430353
2039,0.21010176865580524
2040,0.22099850711130317
2041,0.19597091531369654
2042,0.18805130908339784
2043,0.18842898188202864
2044,0.1917974347188186
2045,0.20278565305034904
2046,0.1699145763704704
2047,0.21513858816647607
2048,0.20489880635692653
2049,0.22400681377141685
2050,0.2074192349027967
2051,0.16181623704751788
2052,0.17188217441098297
2053,0.1745546104762758
2054,0.18356274642010903
2055,0.17047330201809227
2056,0.17250953602082775
2057,0.14555397665581765
2058,0.16412520455019922
2059,0.1958941452477415
2060,0.16815470272511643
2061,0.20114964776860988
2062,0.14221734480947723
2063,0.1680120402823221
2064,0.15819267113472765
2065,0.16034807458812086
2066,0.15348614455523585
2067,0.14582425616723685
2068,0.1317134232760638
2069,0.14762505031699844
2070,0.16957009201381298
2071,0.17502179209687005
2072,0.1852481327330543
2073,0.17130888645470366
2074,0.16800305190226364
2075,0.14981603876642044
2076,0.16606242958454706
2077,0.14469021607337113
2078,0.1705139367917396
2079,0.21251638200273323
2080,0.1640743971258756
2081,0.14478985727963045
2082,0.18752299094193972
2083,0.1878521564799919
2084,0.1460446996275213
2085,0.16856481289451902
2086,0.1668262631972104
2087,0.1357757091621977
2088,0.11509175093843334
2089,0.16024940138040653
2090,0.18415960623034594
2091,0.1491269252382953
2092,0.1777904290337728
2093,0.19821112228720728
2094,0.21664886572141112
2095,0.18845411341115062
2096,0.18077485147241756
2097,0.184880779726121
2098,0.19299310858566948
2099,0.1851338254887961
2100,0.1611213273885213
2101,0.16945644102309512
2102,0.19041498961996636
2103,0.17456167216408724
2104,0.17230074631943498
2105,0.1600980956558334
2106,0.14951892110627493
2107,0.15370524824918066
2108,0.1716795738717883
2109,0.19001989409254022
2110,0.1775692537017167
2111,0.1824014245592975
2112,0.1524545973726677
2113,0.17224311647937215
2114,0.1422386214797463
2115,0.21862072606805702
2116,0.20157990849293264
2117,0.19276305964420642
2118,0.1877287220693546
2119,0.19954225599309108
2120,0.19476936081882606
2121,0.19770294172631062
2122,0.17708635184372643
2123,0.17939294795474467
2124,0.1852894344739171
2125,0.18543018120024768
2126,0.1656412244710499
2127,0.1503990083790897
2128,0.15947645134780272
2129,0.14704771170700076
2130,0.12764699001826585
2131,0.1394608894191986
2132,0.15041293071768186
2133,0.13637223406361323
2134,0.12270140662295126
2135,0.15440265429271388
2136,0.12116632379814335
2137,0.15237799266425742
2138,0.15014843554226256
2139,0.1538072265109219
2140,0.16845713472839918
2141,0.1653703959083659
2142,0.16853176336992023
2143,0.1425646788725974
2144,0.16853954791953235
2145,0.16794764113620483
2146,0.14534952727052738
2147,0.14153193002197598
2148,0.20000651117503113
2149,0.14513427240694546
2150,0.16128821345020994
2151,0.15126875557958097
2152,0.20076237738481179
2153,0.18306728741436679
2154,0.14294415484496042
2155,0.13211715586019745
2156,0.16324904421600708
2157,0.1377301704353183
2158,0.1407416152520281
2159,0.1327139945051929
2160,0.16201363093730417
2161,0.15291529060172868
2162,0.14180811362010368
2163,0.14051914916787583
2164,0.13511552357190668
2165,0.17312516261822197
2166,0.1565657189410221
2167,0.1595130528979305
2168,0.13750897727990077
2169,0.1422747885199162
2170,0.17598875852506451
2171,0.18122417772178018
2172,0.1591623765941749
2173,0.1449451721792908
2174,0.14177884641589847
2175,0.2081737390342728
2176,0.18794972952107425
2177,0.19398125375393682
2178,0.20480173820186803
2179,0.17400595109614286
2180,0.18100250477720398
2181,0.1703742474428685
2182,0.17616760792825614
2183,0.1787027828155416
2184,0.1761374717368989
2185,0.16661954729632214
2186,0.1556745178523186
2187,0.1614990086729069
2188,0.1646416399156789
2189,0.16422179871524414
2190,0.15852482660715855
2191,0.19286236446728558
2192,0.2124451505790537
2193,0.19499839110932402
2194,0.19122391830243257
2195,0.16351098026472646
2196,0.17554083229417652
2197,0.18496572242572135
2198,0.16587212886832636
2199,0.16145840128957206
2200,0.16476933542019884
2201,0.1478660215715073
2202,0.1610104766968605
2203,0.14311022076992266
2204,0.14026262021585195
2205,0.13514378912941985
2206,0.14345732293276536
2207,0.16422138350300647
2208,0.17953133197174803
2209,0.14040173499066702
2210,0.1284907444674401
2211,0.12796974212774534
2212,0.15741255519351804
2213,0.15927781182130366
2214,0.128351001386377
2215,0.16045184684980549
2216,0.13951181947742158
2217,0.15919702409450665
2218,0.14102349977020387
2219,0.14963343440038432
2220,0.16836773088079135
2221,0.19237303964653485
2222,0.16673430336820175
2223,0.18279112085327545
2224,0.18488899033269976
2225,0.1941880033029722
2226,0.19658689677290286
2227,0.19538533968971353
2228,0.16485906958973354
2229,0.14293641147910768
2230,0.18043282739488475
2231,0.16561920763983537
2232,0.1663447452708005
2233,0.19673719541203766
2234,0.17946110874746687
2235,0.16566061618981165
2236,0.16543960998310614
2237,0.15734531721843048
2238,0.1715481613773571
2239,0.1664185833283009
2240,0.15876250168655753
2241,0.16598629758837255
2242,0.15254642090538445
2243,0.1544881917487058
2244,0.18124913888053698
2245,0.17176781425362087
2246,0.17981734341714417
2247,0.1683891514484919
2248,0.12941642871460035
2249,0.13703817286454897
2250,0.1662160531324089
2251,0.17524138147740934
2252,0.15020463260031935
2253,0.14519762433229794
2254,0.15614805153539052
2255,0.1589002648346347
2256,0.17668101630380278
2257,0.13952040810962926
2258,0.1631803405970911
2259,0.1373257070278458
2260,0.13088233936922505
2261,0.14962560886359405
2262,0.14463775451662106
2263,0.13112020948992853
2264,0.12060924553366048
2265,0.11627745079990062
2266,0.14389180114271005
2267,0.13355329032915164
2268,0.1715363699133416
2269,0.12839452891776784
2270,0.15224588702454886
2271,0.1591401753698038
2272,0.14447297564147574
2273,0.14548487512380875
2274,0.16065211141471492
2275,0.1478658068065569
2276,0.1874274802996525
2277,0.14982417680177632
2278,0.176179188427891
2279,0.1563527966115546
2280,0.15052639197478748
2281,0.17948193721262196
2282,0.16581789323186008
2283,0.18584406500770798
2284,0.19117199809751723
2285,0.1766343002582676
2286,0.17841093615238085
2287,0.16589293397308333
2288,0.1537577369341351
2289,0.14347710558598767
2290,0.1760166904187706
2291,0.1729940607548351
2292,0.17757204371302465
2293,0.1787040386417127
2294,0.18445928675223405
2295,0.2033884030555568
2296,0.1951119318507575
2297,0.2252186576861908
2298,0.19665170140048896
2299,0.19500615816321004
2300,0.16608609481456993
2301,0.1469967924935068
2302,0.1686395261970061
2303,0.16806338529067427
2304,0.18067915938569173
2305,0.17971139395324898
2306,0.15853165639469247
2307,0.14634720072909255
2308,0.17807418949348497
2309,0.18039704319658315
2310,0.16283269092286973
2311,0.18316131586724177
2312,0.18717145184333933
2313,0.16482480018055798
2314,0.18481306189634775
2315,0.2035570389847115
2316,0.17504271767313323
2317,0.19856965898815085
2318,0.1578226827931195
2319,0.16674244078105047
2320,0.17036670436048537
2321,0.1976546649201408
2322,0.2151511516048264
2323,0.19958355838922448
2324,0.1750382157017652
2325,0.20305001753204038
2326,0.21043207249724027
2327,0.19383631916021693
2328,0.1903131144650594
2329,0.2217879152160375
2330,0.19428759572433282
2331,0.17208670072504567
2332,0.20981489808508005
2333,0.18382844614677255
2334,0.1810763203261581
2335,0.16417063983651564
2336,0.1661251359700339
2337,0.1669626887741045
2338,0.16019666903306667
2339,0.149162815918075
2340,0.14318409725762138
2341,0.17224351799645346
2342,0.17519418361137656
2343,0.16686676354208696
2344,0.167274496979371
2345,0.1707130525034088
2346,0.197991440775617
2347,0.21756872182772954
2348,0.19689963926304013
2349,0.199760706808139
2350,0.1995088510169366
2351,0.20505739377642673
2352,0.18877930116157898
2353,0.17822355030928744
2354,0.18104917292245587
2355,0.18715364751769006
2356,0.18885153423195056
2357,0.19604098969325298
2358,0.2004318142855501
2359,0.15854428916067573
2360,0.19013682451620303
2361,0.1881521611314994
2362,0.18320152235600226
2363,0.15119733347214673
2364,0.17459148530702173
2365,0.18231732011465634
2366,0.19036155112022718
2367,0.1552069191519654
2368,0.17622827249044565
2369,0.17661231392990115
2370,0.18423136947167246
2371,0.15924683894763653
2372,0.19640065811210972
2373,0.23198865052966758
2374,0.17073507247992228
2375,0.15719583806075144
2376,0.1467321360887478
2377,0.15781397080621487
2378,0.14035429061182142
2379,0.14102116130589032
2380,0.17111818389376626
2381,0.13074542597610692
2382,0.16497369578697335
2383,0.11918802259984866
2384,0.13486136699445186
2385,0.14947886588674036
2386,0.15865286973275008
2387,0.19724044073662284
2388,0.15128050166610504
2389,0.16021638445552178
2390,0.14068591633070776
2391,0.17298155370252308
2392,0.17089905454597606
2393,0.15773386036714573
2394,0.12864807566760653
2395,0.15601624607515985
2396,0.18180938737711363
2397,0.21422695315106663
2398,0.18996850885057104
2399,0.17540853832968759
2400,0.1266019514358383
2401,0.14996815584709322
2402,0.16177215669705614
2403,0.16032466894355982
2404,0.15488514084017588
2405,0.139711524015283
2406,0.1493383579410291
2407,0.13707784439036344
2408,0.14497097634371925
2409,0.15328898410561315
2410,0.1516726251152772
2411,0.17178814143674048
2412,0.18176673810495436
2413,0.17168368615370988
2414,0.15064674274734524
2415,0.1821809032856251
2416,0.18118740311467768
2417,0.1400594687578712
2418,0.15713326646443407
2419,0.17621277766614782
2420,0.21327990255985088
2421,0.24081555322850406
2422,0.19620296728643535
2423,0.16500979533426796
2424,0.17002171544543918
2425,0.1707705697024496
2426,0.14748185314060272
2427,0.16154089432543198
2428,0.1907020976280059
2429,0.21016157104565708
2430,0.208763987819077
2431,0.24233051577189527
2432,0.20756231825868313
2433,0.19515304097481714
2434,0.17771242404477983
2435,0.18416028296109369
2436,0.17906702689094905
2437,0.19626598554798078
2438,0.15820880153877734
2439,0.17762805503462015
2440,0.17561240940587924
2441,0.19132003801877442
2442,0.19208356761862677
2443,0.1949685481515756
2444,0.20642120599267572
2445,0.2175153140601831
2446,0.18806722960426328
2447,0.2092802528797188
2448,0.19603517796694067
2449,0.19728938100003665
2450,0.2106879313039862
2451,0.2473661226387299
2452,0.22678041097596954
2453,0.203054886160092
2454,0.2179625959306927
2455,0.2071806055200088
2456,0.18213969705045746
2457,0.18883674028512365
2458,0.21414132250419454
2459,0.19991381056256996
2460,0.18118443090536968
2461,0.1838489519239037
2462,0.20547272455250226
2463,0.15129847842622188
2464,0.20974494319412368
2465,0.1988244978333905
2466,0.17335395363664763
2467,0.1919840548781754
2468,0.20013869063097667
2469,0.21702543396309656
2470,0.1975749615394634
2471,0.17358763533298177
2472,0.16931740655169644
2473,0.1583711563712641
2474,0.15114403067895596
2475,0.15757114572555359
2476,0.18358659030967048
2477,0.1805181052654147
2478,0.20024167633855483
2479,0.20490936532240542
2480,0.207926595621839
2481,0.19306220605500027
2482,0.20512511134409164
2483,0.2061502193131877
2484,0.2274965777781703
2485,0.2231791999157506
2486,0.2236419218954601
2487,0.2309755131100516
2488,0.22969074248817586
2489,0.2366836013274732
2490,0.24548470821658183
2491,0.22497499844601174
2492,0.2352114386374332
2493,0.26238709701971846
2494,0.2298214733373295
2495,0.24442976597207358
2496,0.2333825679429729
2497,0.24418051973064606
2498,0.24760403987339177
2499,0.29271989816995936
2500,0.2805121196204795
2501,0.2494612164572728
2502,0.25111919768133883
2503,0.2448564211352564
2504,0.2541964940515275
2505,0.26395835848298665
2506,0.2322142817020391
2507,0.2526504073980067
2508,0.25097236604636836
2509,0.2658667405353381
2510,0.24894828669139746
2511,0.24249131931668164
2512,0.21198134792701373
2513,0.2033292194377652
2514,0.2231426506562196
2515,0.20489681059915468
2516,0.2111496342395681
2517,0.22190027463557102
2518,0.22100939793859506
2519,0.23203645072046789
2520,0.22015798602954847
2521,0.21629168919848732
2522,0.2371046800720285
2523,0.2364929982038546
2524,0.2387161758730591
2525,0.24837113545603787
2526,0.25761575375566104
2527,0.2475551367310595
2528,0.24834448592696357
2529,0.25671189441094633
2530,0.25819549399806174
2531,0.2841751574964124
2532,0.2962859005888383
2533,0.25141430189140535
2534,0.2521071143239723
2535,0.25367533657651004
2536,0.25326773897682886
2537,0.25440496421019515
2538,0.23031048883757696
2539,0.2280780855475808
2540,0.23484294844107678
2541,0.19629791269227292
2542,0.20327620172006403
2543,0.212652310982777
2544,0.20012994502868822
2545,0.17037089399710537
2546,0.20926524423346846
2547,0.17267711722636897
2548,0.2064271907759628
2549,0.18925999275895514
2550,0.2188713362225468
2551,0.21979392785441984
2552,0.17925320258023444
2553,0.20639493596358968
2554,0.199691923508314
2555,0.2023496497307659
2556,0.21289566519447567
2557,0.22098843868142143
2558,0.23841506250363784
2559,0.24503327661543403
2560,0.24880406362329638
2561,0.23918703293940635
2562,0.2723553118093424
2563,0.2637541170150687
2564,0.19786940867690125
2565,0.2138740932234483
2566,0.23006905748479206
2567,0.2312525922665556
2568,0.23310882005132114
2569,0.2169200877085841
2570,0.23537718675613764
2571,0.2095210473422104
2572,0.21581883342565034
2573,0.1848875125008374
2574,0.2007290340368605
2575,0.21502274706471627
2576,0.20251358510878661
2577,0.20457087335017443
2578,0.1606807816018449
2579,0.22224711131551628
2580,0.21649601906241367
2581,0.2142530767926929
2582,0.2056117873971197
2583,0.20679662642955418
2584,0.1968150722956216
2585,0.19899958824382313
2586,0.18970170076639264
2587,0.20434498337866577
2588,0.20536113553465388
2589,0.19193923498927554
2590,0.19171557005473358
2591,0.18494735908869364
2592,0.1781017474570034
2593,0.17033338555241925
2594,0.20422605857329942
2595,0.20265334044341066
2596,0.20685051788511952
2597,0.1779929304960477
2598,0.16080905354794203
2599,0.15426034481144685
2600,0.18366567298951256
2601,0.14789663522581248
2602,0.18845660530708339
2603,0.17127584240161467
2604,0.20814328480731298
2605,0.20184720495031505
2606,0.19581179751814476
2607,0.22495197937836162
2608,0.19881350524256916
2609,0.19598452082893705
2610,0.18508156211864932
2611,0.22970906847477746
2612,0.21572873859515826
2613,0.20577805219671938
2614,0.1634239357190385
2615,0.1651364415539206
2616,0.1417103059266069
2617,0.14719595554847945
2618,0.17196568498384793
2619,0.1640327980887258
2620,0.18836422338549536
2621,0.1899870290593887
2622,0.1916704785233922
2623,0.2268186179719158
2624,0.19877112345188294
2625,0.1911563599655318
2626,0.18663375946570954
2627,0.20419606867111129
2628,0.19224175476605987
2629,0.20228636565868757
2630,0.21377929846432955
2631,0.20051107500242366
2632,0.1720505781449883
2633,0.1772457366948253
2634,0.18650339900828225
2635,0.17162613078515465
2636,0.14313906306388485
2637,0.1622216746786063
2638,0.20611985652924478
2639,0.22125645793507712
2640,0.19487823046354083
2641,0.19062325867607624
2642,0.20602298508643083
2643,0.21810709794750294
2644,0.22175234142513664
2645,0.23570132620460482
2646,0.23968177792950182
2647,0.23390926366710332
2648,0.21563823487579015
2649,0.21698709375063047
2650,0.2450294862024481
2651,0.1975929453437397
2652,0.2198958814452218
2653,0.20983295124975287
2654,0.23289477540707423
2655,0.22277775255519186
2656,0.24015627400855502
2657,0.22495455095520347
2658,0.23852048843905965
2659,0.21423970907516587
2660,0.23191718831967043
2661,0.2526907763611211
2662,0.25416589068497125
2663,0.22411578612980362
2664,0.23091979548075467
2665,0.1952893644605465
2666,0.203715084069471
2667,0.21676615975474905
2668,0.1925047117264279
2669,0.2127856177663221
2670,0.2396084040329553
2671,0.22580986732709013
2672,0.20774796098359788
2673,0.22479761504704726
2674,0.21093218189314947
2675,0.216455866109264
2676,0.1982173903112263
2677,0.24023457121406264
2678,0.2128866282588631
2679,0.22953556051016386
2680,0.20268568404495482
2681,0.20002711370287146
2682,0.19907594365452067
2683,0.20085188083355612
2684,0.19307252909028735
2685,0.18604185232198314
2686,0.23343190310523476
2687,0.23033434448924642
2688,0.2279866697570163
2689,0.2128127582569192
2690,0.25162101346750754
2691,0.2184655991655418
2692,0.2243825458222457
2693,0.22118837738024413
2694,0.21534674831660663
2695,0.21755424313160496
2696,0.2486467971638686
2697,0.2711244510889005
2698,0.29885867451197506
2699,0.2899333201851893
2700,0.2873991211596967
2701,0.2696340894037078
2702,0.24176018223432613
2703,0.23439069975021112
2704,0.22895097870238884
2705,0.2519574430737066
2706,0.2389840516879731
2707,0.2155009831664433
2708,0.22053835546342176
2709,0.20594414954190862
2710,0.20436312923136996
2711,0.18053444669937235
2712,0.2076109172899139
2713,0.1873006762253039
2714,0.19439637510551755
2715,0.19097491968777794
2716,0.1769236562049827
2717,0.17378348851768846
2718,0.1857306274058722
2719,0.1970391617800076
2720,0.1488535232640115
2721,0.17963812486724065
2722,0.20555889794864513
2723,0.20537919236884236
2724,0.22286418019634077
2725,0.21168946243906778
2726,0.21268822092751336
2727,0.20294424030603156
2728,0.2140772297412586
2729,0.26407575211746126
2730,0.22396327408475583
2731,0.23733956133954978
2732,0.21917884601626775
2733,0.21438944755619851
2734,0.20327582887107282
2735,0.20818817097683756
2736,0.20392531539902325
2737,0.22609930403591097
2738,0.2090797806923088
2739,0.17843500663452766
2740,0.18408038296218915
2741,0.18982243008879607
2742,0.18641024206535112
2743,0.18205706172257913
2744,0.20003274663859116
2745,0.18451499347127484
2746,0.17576314452078376
2747,0.16850359305599377
2748,0.18924213375097138
2749,0.1850413686042474
2750,0.24047310335611283
2751,0.20368476374706532
2752,0.226637504575918
2753,0.24864976901277772
2754,0.20823426775885948
2755,0.22601979755978588
2756,0.23027388410938676
2757,0.19964773421910922
2758,0.2236396964325673
2759,0.23391850756994584
2760,0.21477350000420073
2761,0.19744199359636339
2762,0.20509743779083323
2763,0.16870386417360955
2764,0.15929156424822027
2765,0.17452891754403765
2766,0.18121753442426874
2767,0.17017615883515544
2768,0.173092500030933
2769,0.19505277709763735
2770,0.18154977072433248
2771,0.20502280728179095
2772,0.19701460262978499
2773,0.1896055030073182
2774,0.22690283944789202
2775,0.19240302981083132
2776,0.21624134829409195
2777,0.21546673220313603
2778,0.19986956773775444
2779,0.19764486617116195
2780,0.20930990102550748
2781,0.2182528313161264
2782,0.19045447711302294
2783,0.17879031252360741
2784,0.17554570590228488
2785,0.2095510459594979
2786,0.2106969046128199
2787,0.1952702823243961
2788,0.22068855459971062
2789,0.23409132114426803
2790,0.1978739419374421
2791,0.1698003138156694
2792,0.17565493037604832
2793,0.1952975605856442
2794,0.20329357717108296
2795,0.1790874152435824
2796,0.16375703455183854
2797,0.22432098190111024
2798,0.2209319386917501
2799,0.20174037961892613
2800,0.22445289738128057
2801,0.19169595610093623
2802,0.2291440231350473
2803,0.2047694805063043
2804,0.2424503290914785
2805,0.20973653938099848
2806,0.16946339324794715
2807,0.19743428194560944
2808,0.1927942267073261
2809,0.18928176317564757
2810,0.192856739493104
2811,0.1819172273295532
2812,0.19862319377991
2813,0.17958735318793007
2814,0.1873889352823496
2815,0.18382798735903766
2816,0.181351364637997
2817,0.1708706495468717
2818,0.19339703395042382
2819,0.14083136124919785
2820,0.15560689677325448
2821,0.18701821238236008
2822,0.18955795296608266
2823,0.17892180270037233
2824,0.1805149124264842
2825,0.17901984085255115
2826,0.16101866725215777
2827,0.18497131814206907
2828,0.1725458752988839
2829,0.20998585721074273
2830,0.17455996963992446
2831,0.19092363706119017
2832,0.15545729960133417
2833,0.14240615868386441
2834,0.15976311898121226
2835,0.1368441903136866
2836,0.1499195473799652
2837,0.15969281614154912
2838,0.17251880121996568
2839,0.18386521554447327
2840,0.15238445140479437
2841,0.14263391224505784
2842,0.16297869731000303
2843,0.17920242195647978
2844,0.16586562022893048
2845,0.16522410434745238
2846,0.14214463162231147
2847,0.16591002490559273
2848,0.18899608614761984
2849,0.18503805526104714
2850,0.20670372772878032
2851,0.20844542790177292
2852,0.20051827413325066
2853,0.1752379340330736
2854,0.18285861058334077
2855,0.19539783776481792
2856,0.21663920565618863
2857,0.18895673124857595
2858,0.19661556250419265
2859,0.17277802936278763
2860,0.1887883629974757
2861,0.1603099242403211
2862,0.22963581557395368
2863,0.17654420791780392
2864,0.1714603387960812
2865,0.20688386313335574
2866,0.2026999734661566
2867,0.1764376160265786
2868,0.17455192855185897
2869,0.18783669477962472
2870,0.1668391018164636
2871,0.17777166119818247
2872,0.19561005790627342
2873,0.257045916356253
2874,0.19810937795708264
2875,0.19272601549152862
2876,0.12532616486923479
2877,0.15581371417556408
2878,0.17470636817376897
2879,0.14163222299317202
2880,0.17244864195009857
2881,0.17598858795811836
2882,0.1804202032129467
2883,0.1824228388691634
2884,0.18639504728947714
2885,0.22262213075952977
2886,0.17660794517505315
2887,0.1968444689485406
2888,0.18294828086398873
2889,0.19859996699146862
2890,0.2085330003334841
2891,0.17816504496212984
2892,0.19283788961763002
2893,0.1752709942058201
2894,0.19876628345915814
2895,0.19675408900979552
2896,0.1967865776554946
2897,0.18568695355254874
2898,0.16169027086772972
2899,0.17387304799207207
2900,0.16926006657059878
2901,0.16611731914834307
2902,0.16591690082417926
2903,0.16510811381122423
2904,0.15760990799783545
2905,0.17840296724237562
2906,0.17840053468119882
2907,0.15842688890796794
2908,0.17350157185848802
2909,0.19318268732470498
2910,0.18094463405965575
2911,0.1755430186374124
2912,0.18223885745188864
2913,0.1517427814364266
2914,0.14161831182694407
2915,0.16623636989672547
2916,0.14209370369371827
2917,0.2015549379638057
2918,0.1955818900823753
2919,0.19232262214100249
2920,0.18380081105790047
2921,0.16513607178470155
2922,0.15019282426308495
2923,0.14314409790133298
2924,0.17247705962868948
2925,0.1497956728240428
2926,0.16670602349302518
2927,0.18692535299782426
2928,0.18466235479426302
2929,0.20497742028892016
2930,0.19790962342207175
2931,0.18543603401202893
2932,0.17004675019108845
2933,0.16022713639820269
2934,0.20861992159000223
2935,0.18405076210842233
2936,0.17193685916994214
2937,0.15383866098998752
2938,0.17120634734682622
2939,0.15119782214022254
2940,0.1484526374048592
2941,0.13651579104911435
2942,0.1620630138032681
2943,0.18155272950059242
2944,0.17839919842055732
2945,0.19752795809222776
2946,0.17736200794899332
2947,0.17974829368427903
2948,0.17717538018849718
2949,0.20289004067668664
2950,0.20612250031691073
2951,0.18368599473388605
2952,0.17593849730157846
2953,0.19663698919867362
2954,0.17366914029622346
2955,0.16180340717612754
2956,0.16206553682455602
2957,0.1508121547122142
2958,0.1747265517870927
2959,0.17455224527692018
2960,0.20211749802583637
2961,0.1858572459731042
2962,0.15514215538050352
2963,0.19580308179619751
2964,0.19927141286374078
2965,0.21445509030768944
2966,0.18327118073699641
2967,0.2287262922336912
2968,0.17663394480671185
2969,0.19565523200171478
2970,0.19275758453041902
2971,0.1817093379700125
2972,0.20596948433598136
2973,0.20586855103432122
2974,0.1655077371604448
2975,0.19564709458886606
2976,0.16701377665425976
2977,0.17647546632595482
2978,0.17393182511272562
2979,0.1765269632260401
2980,0.19827884732495749
2981,0.18384966492388122
2982,0.16314505253695036
2983,0.19502743296595798
2984,0.20060566059915588
2985,0.2033542367532155
2986,0.18103861146694844
2987,0.16877581292205285
2988,0.19777817980228538
2989,0.18148476705829128
2990,0.18049531678750108
2991,0.18892661540337205
2992,0.18437859240150256
2993,0.18869551668558884
2994,0.20330255123347796
2995,0.19783842852973013
2996,0.18663668138299627
2997,0.1977485777220224
2998,0.24601024116297132
2999,0.24961466498234816
3000,0.23432507452720955
3001,0.22747770172463447
3002,0.19527247790694807
3003,0.2065010742764817
3004,0.18649652403983805
3005,0.17559311915577536
3006,0.19611489124647793
3007,0.1988764679371646
3008,0.18979574071926744
3009,0.19444583951991204
3010,0.19832919569943797
3011,0.20269022647928447
3012,0.24194233443086083
3013,0.20658764401306798
3014,0.21893833915205763
3015,0.21006391773392197
3016,0.1898304180671767
3017,0.15639644680960832
3018,0.20764842272035516
3019,0.18207042134751392
3020,0.16548640259701505
3021,0.1635874225970736
3022,0.1614053540519288
3023,0.1773431339267964
3024,0.1868303761062326
3025,0.18656791315439586
3026,0.1760246971051278
3027,0.1634483697453335
3028,0.1974314501607984
3029,0.2130736088498324
3030,0.18391512963834084
3031,0.22915447129426192
3032,0.21285649518004143
3033,0.20264875692361214
3034,0.17709691559268104
3035,0.21642512759313945
3036,0.17023851786167887
3037,0.14474480457307404
3038,0.16296423601131368
3039,0.13996760102715028
3040,0.18370637748395546
3041,0.19655107201334895
3042,0.21230075353659886
3043,0.16480636961276307
3044,0.1828959143214806
3045,0.1562925074211483
3046,0.1630882749091114
3047,0.22610839526069557
3048,0.2132568195050232
3049,0.18321459415331084
3050,0.19283482475305433
3051,0.2277593899237282
3052,0.22218110003982003
3053,0.18502951010604593
3054,0.2157227805796765
3055,0.176070280810243
3056,0.1695441266200449
3057,0.16839264423755548
3058,0.16698074197154097
3059,0.1463385827407604
3060,0.13962196293548648
3061,0.16635051964668682
3062,0.17268440891417308
3063,0.15741153303685507
3064,0.1470768830123486
3065,0.1460370907232029
3066,0.1628804023572624
3067,0.1680417593939204
3068,0.18616935206440102
3069,0.18027853350516385
3070,0.17367805199964603
3071,0.1760014956428964
3072,0.1908239481512286
3073,0.2034217501385507
3074,0.18162395905675052
3075,0.22322625064076262
3076,0.20917476344857264
3077,0.22102770393944232
3078,0.20172214265084026
3079,0.1929810519663916
3080,0.20949363009806074
3081,0.20517335564456435
3082,0.19304111115680514
3083,0.1865503271976855
3084,0.1795335816468907
3085,0.19395637588007744
3086,0.20322405832997056
3087,0.20666136923296516
3088,0.17030138298647693
3089,0.16753476844409726
3090,0.18062095775647305
3091,0.1882086507678945
3092,0.19989730789927268
3093,0.21871443019473144
3094,0.2066886636793977
3095,0.20700131849432393
3096,0.24368127090166158
3097,0.21252047954106543
3098,0.1682037762050502
3099,0.15029455869862293
3100,0.20630425915448347
3101,0.20075032086382447
3102,0.18413013051902474
3103,0.21909592495762914
3104,0.15535198011462706
3105,0.14445554295256693
3106,0.15006858554050725
3107,0.19440829723049766
3108,0.18702571244622607
3109,0.21139003216503513
3110,0.1789032576895611
3111,0.155528078036424
3112,0.1544802694284428
3113,0.17144624887202406
3114,0.16032689597910213
3115,0.17371774492004668
3116,0.19586568245376731
3117,0.19755389236064075
3118,0.1698211392993431
3119,0.15273641692076015
3120,0.16744969039834726
3121,0.15401679949006764
3122,0.1599853714143741
3123,0.1500157241048524
3124,0.20329222557710847
3125,0.14294340079227774
3126,0.15431767709311453
3127,0.16510970362883795
3128,0.16278200328201797
3129,0.1722513597184284
3130,0.17146208080029982
3131,0.17850377437167514
3132,0.1907658651259949
3133,0.18474726771181293
3134,0.19300599388013495
3135,0.2176276628970957
3136,0.19516197978365218
3137,0.19649503267893398
3138,0.19068241618133316
3139,0.16379735531979775
3140,0.16572344085164792
3141,0.1801031607058512
3142,0.1901504216112158
3143,0.22681473172559954
3144,0.17830082332821806
3145,0.17323526207486378
3146,0.18407663972868893
3147,0.1986479971494981
3148,0.215406347769143
3149,0.2242445952995307
3150,0.2187697393283149
3151,0.2549993269806248
3152,0.23525561360897432
3153,0.21773125803912782
3154,0.21742372957019376
3155,0.213924056266032
3156,0.22623258542771907
3157,0.2523917213278174
3158,0.21963524008022214
3159,0.21830536157800245
3160,0.20603239054624828
3161,0.23316467414072772
3162,0.20859649710641043
3163,0.19375728854162663
3164,0.19742906972640062
3165,0.1782760077378325
3166,0.16207439821316544
3167,0.19204820734766223
3168,0.16128089463420137
3169,0.17181511670084706
3170,0.17180110531097553
3171,0.18035600068078336
3172,0.19466234968544888
3173,0.1775262222101962
3174,0.19133998848680625
3175,0.19583065637082653
3176,0.17903517857571416
3177,0.1996777160287051
3178,0.23224438079197296
3179,0.1577506761515157
3180,0.1632924715565178
3181,0.18298161425182638
3182,0.17518655042928097
3183,0.15925299334772738
3184,0.1811737591022875
3185,0.1659219832670391
3186,0.14974424502224587
3187,0.16924853587153213
3188,0.18174189492767517
3189,0.16641175629290367
3190,0.16305579871355433
3191,0.17854634078486273
3192,0.17665590400687406
3193,0.13760008741947763
3194,0.1745747890440155
3195,0.16336359610555684
3196,0.14669573809844266
3197,0.17802664803629484
3198,0.1805810158332313
3199,0.17672656390350594
3200,0.17838515315319384
3201,0.16460806135833336
3202,0.18029826190197756
3203,0.167844303875931
3204,0.16268281051021752
3205,0.1663299482769651
3206,0.197259587187586
3207,0.17590259046937748
3208,0.1805064966219063
3209,0.2000150796904304
3210,0.19662752211065315
3211,0.23168492220448828
3212,0.19882054242325894
3213,0.2149683586191381
3214,0.20664441213948284
3215,0.2007928852129096
3216,0.15618280407560517
3217,0.18528941553659592
3218,0.16991947301134167
3219,0.19446029537985518
3220,0.20716887312864088
3221,0.22281755067929268
3222,0.18768988598083597
3223,0.19170103575889572
3224,0.20262263944153003
3225,0.20665320760786626
3226,0.19495717039267527
3227,0.20285691022616453
3228,0.19521718122350676
3229,0.21486609813233454
3230,0.22108320414994284
3231,0.20623371556838913
3232,0.198364326887789
3233,0.20721307077254622
3234,0.18656679709745105
3235,0.17563381929266836
3236,0.15703164496478988
3237,0.13814225083970144
3238,0.15361697526763407
3239,0.11235301101910615
3240,0.13334801923448558
3241,0.1374797069959236
3242,0.1438365405646807
3243,0.15905891902621244
3244,0.1389223947937308
3245,0.1411781121542169
3246,0.17321944790442226
3247,0.16350642600276197
3248,0.15792324694806772
3249,0.15790704233461866
3250,0.15170471411141623
3251,0.1751654474384935
3252,0.20015577845095048
3253,0.19880978831818477
3254,0.15640766501010925
3255,0.17498815679308755
3256,0.15506144952977238
3257,0.15292667314410469
3258,0.13872129013910428
3259,0.160057193826639
3260,0.18192168946046647
3261,0.15615362359646837
3262,0.18361769138703732
3263,0.20598189961764116
3264,0.1686283447244242
3265,0.18487766879601963
3266,0.17663701376672897
3267,0.1908328587178991
3268,0.1750253758702613
3269,0.16173785842320906
3270,0.1796065214266418
3271,0.19720307972782966
3272,0.15439906435977863
3273,0.17228889689673177
3274,0.17050445689317806
3275,0.1773488070633698
3276,0.1455646738178734
3277,0.15329518450570254
3278,0.15109603040126748
3279,0.14679648402546497
3280,0.16083574960123126
3281,0.13090843008350198
3282,0.15133972885939398
3283,0.13198218334593548
3284,0.15103697688746034
3285,0.17909629841994043
3286,0.18242342022527044
3287,0.1551815245644471
3288,0.17550767009579213
3289,0.17782812642574639
3290,0.19323204964793456
3291,0.19075313298821964
3292,0.1846883132093987
3293,0.169444029476478
3294,0.23476446268001933
3295,0.1764364369981258
3296,0.17143524294644522
3297,0.1734255693437908
3298,0.1602862123222655
3299,0.19357799126095632
3300,0.16223345002296433
3301,0.14636429913168716
3302,0.13951571378356656
3303,0.14331548698282248
3304,0.16905666260407895
3305,0.15632152273932165
3306,0.1523538253986378
3307,0.1557389322007146
3308,0.13490002095049775
3309,0.10873295480136194
3310,0.13916630303675104
3311,0.13496170082177203
3312,0.1445730019502871
3313,0.12166864866406803
3314,0.1247043599543716
3315,0.15977924981118788
3316,0.16043385295436158
3317,0.17066307517592513
3318,0.1562493514937343
3319,0.17815876910762674
3320,0.15100193783016064
3321,0.16846664663693117
3322,0.181606176715431
3323,0.17410212631390742
3324,0.1528958133701493
3325,0.21911292749413
3326,0.1690991785941911
3327,0.18030882781332527
3328,0.19139892932682775
3329,0.17003001683976426
3330,0.17578659734483043
3331,0.20079974940215167
3332,0.17642016679208614
3333,0.20843125783811714
3334,0.1987128051189642
3335,0.21000432014890694
3336,0.22215025605788677
3337,0.21119573370819977
3338,0.18889599683453692
3339,0.17997402845493785
3340,0.17297019543792402
3341,0.20569179512251662
3342,0.16912684697081146
3343,0.18132362706479757
3344,0.14681257458905997
3345,0.16446466114633143
3346,0.1521363617815642
3347,0.16182886896164947
3348,0.16155575268536237
3349,0.18359527470968154
3350,0.17782009785335004
3351,0.18248708763067004
3352,0.1810723806097581
3353,0.15049789818651227
3354,0.1658522967094077
3355,0.18117977740266764
3356,0.18763209029177538
3357,0.17260750723711119
3358,0.1917383576480322
3359,0.16785398884143754
3360,0.19116149329015608
3361,0.1875027189981345
3362,0.18559490280473948
3363,0.1976119946835947
3364,0.18143805248711486
3365,0.17683969274181868
3366,0.18483326411935727
3367,0.16054126032989163
3368,0.18366028456803019
3369,0.207189937523988
3370,0.2105342697831912
3371,0.21587256699375623
3372,0.19300528774055603
3373,0.1828586317485824
3374,0.22464166207760664
3375,0.20758337695317575
3376,0.20731104467543937
3377,0.21116622156383133
3378,0.24718097097362868
3379,0.21843575650266528
3380,0.21997775233437772
3381,0.2083817111872582
3382,0.1846233292014766
3383,0.19436964465052003
3384,0.18767644998410854
3385,0.20733809391960062
3386,0.15982398644795373
3387,0.20658294143059508
3388,0.2104393223460145
3389,0.1720596331333068
3390,0.15247357636922007
3391,0.17384161138337684
3392,0.16101217761561024
3393,0.17135642358710768
3394,0.15882086690409025
3395,0.15741955528588988
3396,0.18385374509754165
3397,0.14469297961174551
3398,0.169706437975325
3399,0.15346919679936
3400,0.1193900728427644
3401,0.15037843409341375
3402,0.12727905368941356
3403,0.1630763993411098
3404,0.16002976717935585
3405,0.1874249124578532
3406,0.1845667937289005
3407,0.18536806432898734
3408,0.19574584289059516
3409,0.221837144748673
3410,0.22379424790917454
3411,0.2221302082166388
3412,0.22686071127970486
3413,0.25864258354664005
3414,0.21016096410123172
3415,0.2680178910202045
3416,0.20677075120102545
3417,0.22568005493802162
3418,0.2190177212578163
3419,0.18721614287326904
3420,0.19032182209441442
3421,0.1718026429035196
3422,0.16107661021329336
3423,0.18277841548330587
3424,0.20089152644341687
3425,0.18832702049350622
3426,0.19584666787601948
3427,0.21821712421041492
3428,0.21162488479722985
3429,0.21506054133845315
3430,0.19808555575697923
3431,0.1835885368893812
3432,0.1873880159376493
3433,0.16617752492279764
3434,0.16864780898164516
3435,0.15201108160460347
3436,0.16180856776001049
3437,0.17787135846284466
3438,0.16791903336360275
3439,0.1865466624656073
3440,0.19081019261177634
3441,0.18064010171740788
3442,0.19299881117665768
3443,0.1846715237996717
3444,0.22168192057123204
3445,0.21860047653450757
3446,0.17062800623828459
3447,0.17344703089866959
3448,0.15338218213401308
3449,0.13208158377300028
3450,0.16823828301877689
3451,0.16923244615978883
3452,0.1761317677043152
3453,0.19273581499834205
3454,0.16931115907041192
3455,0.1661601849874471
3456,0.15418353372555013
3457,0.15015397369308506
3458,0.15166171630080644
3459,0.17863365985618307
3460,0.17267333549571892
3461,0.1589247768381352
3462,0.16505310777307292
3463,0.16679513040474492
3464,0.15334284640163529
3465,0.15912664468646978
3466,0.14380477153719257
3467,0.16974047669647388
3468,0.20129321471422476
3469,0.18848853120636147
3470,0.1745649154588568
3471,0.19065382194006963
3472,0.2139985946440233
3473,0.19460890211021123
3474,0.19766440604661412
3475,0.19010725854135202
3476,0.2143301132589244
3477,0.2122301241755784
3478,0.2065501882193773
3479,0.20985212463233913
3480,0.1697202869236062
3481,0.1724170845750253
3482,0.18597792706758892
3483,0.1706306058279462
3484,0.19842767570060585
3485,0.18683149917457323
3486,0.20856121422290777
3487,0.21357405725000436
3488,0.20025958570408686
3489,0.18832648910178518
3490,0.19557399701994624
3491,0.16556773003747022
3492,0.20933993263567144
3493,0.18786556842828692
3494,0.20343157143311277
3495,0.20773278612795112
3496,0.16871268385424312
3497,0.1633981141244113
3498,0.19353260167976663
3499,0.16235303861748349
3500,0.1689402736960685
3501,0.18114910461018746
3502,0.18894776423034032
3503,0.18489937126114722
3504,0.19017998509603862
3505,0.18485306793782108
3506,0.17702291961495764
3507,0.1830582336710624
3508,0.21606042656475477
3509,0.24145494334651646
3510,0.2149225545465085
3511,0.21807925507231282
3512,0.20024969983260388
3513,0.16954716147322552
3514,0.19106910514349718
3515,0.18102871671654822
3516,0.1972390550358119
3517,0.21042884135774115
3518,0.1947760891377022
3519,0.2265817845221196
3520,0.24108674346781483
3521,0.21815910094586297
3522,0.19688139793740467
3523,0.21578558532128558
3524,0.192931658845442
3525,0.19766318904522814
3526,0.2015721402267959
3527,0.2194619572665987
3528,0.18485407453180652
3529,0.19464751439104472
3530,0.15051186891684099
3531,0.18196715737926064
3532,0.18610625815186083
3533,0.21780795186434446
3534,0.18743125518272438
3535,0.1713199813987982
3536,0.16752993716647183
3537,0.15719896737119407
3538,0.18008885300259872
3539,0.1435747157481515
3540,0.2010697222141506
3541,0.1672018410628589
3542,0.15294049404680277
3543,0.154535470540662
3544,0.15962009610680544
3545,0.1632406199256744
3546,0.17294543023785025
3547,0.15145181250828094
3548,0.11413389863673203
3549,0.14385542307263227
3550,0.12378335135806111
3551,0.13927228300349426
3552,0.14361881559291467
3553,0.1526692969599139
3554,0.1652605613776416
3555,0.18057016117687852
3556,0.1855291031814585
3557,0.17839362298483563
3558,0.16447884185813497
3559,0.18051641204609506
3560,0.16762467553955257
3561,0.18143374536047013
3562,0.17827548918941588
3563,0.17846234465645752
3564,0.14876022314444676
3565,0.180687833694535
3566,0.17501074010576564
3567,0.22259819909646678
3568,0.21291443067109167
3569,0.21733089341500186
3570,0.21329424217478324
3571,0.19184443898514267
3572,0.2213438416816091
3573,0.18090642457368128
3574,0.16002574912535142
3575,0.1573969234176577
3576,0.18158163001535046
3577,0.17380971847697524
3578,0.14098257022306165
3579,0.14966614030106226
3580,0.1486232385889377
3581,0.15952498137903579
3582,0.1480946808805354
3583,0.152665357931548
3584,0.16443792757879852
3585,0.15346627039346944
3586,0.18750858596376144
3587,0.17352915888325912
3588,0.16333099603108642
3589,0.19732134611726232
3590,0.16145762440070763
3591,0.16355462797275178
3592,0.20995099730443478
3593,0.179766525049801
3594,0.13999061511474345
3595,0.13368334824812692
3596,0.12152821790923747
3597,0.14047562887722553
3598,0.11557822343163858
3599,0.1485017774930531
3600,0.14371247142614332
3601,0.11859425976244863
3602,0.15931509750673736
3603,0.15555357405983644
3604,0.19723301173685706
3605,0.1437411444637006
3606,0.16391991700824013
3607,0.15557260908202816
3608,0.17685885662298065
3609,0.21072824922151823
3610,0.16803132368484777
3611,0.18581121468538192
3612,0.13271072385287436
3613,0.17853313711433894
3614,0.1650822597807006
3615,0.14526512402247682
3616,0.17911404796496475
3617,0.17995322613508102
3618,0.15968812617303607
3619,0.17785637507727722
3620,0.16483426874293733
3621,0.20895721635002026
3622,0.17935799169088984
3623,0.16854586253329323
3624,0.15998548225340192
3625,0.18029434541492156
3626,0.17148102618146868
3627,0.1596406263910582
3628,0.16518555985436584
3629,0.16584108348896354
3630,0.1684557272398396
3631,0.1923018887883798
3632,0.16853193269185218
3633,0.15713290118381873
3634,0.1893285348208963
3635,0.1816591190770094
3636,0.16011177636337917
3637,0.18002399693626797
3638,0.17776151993496953
3639,0.15680160244497912
3640,0.19324166299236079
3641,0.1532164253002091
3642,0.16175212251820076
3643,0.15516899788677951
3644,0.16403014496345344
3645,0.15698707034368856
3646,0.19777209400903006
3647,0.1550164276209359
3648,0.16254887686201963
3649,0.17591955441043794
3650,0.17482463970707623
3651,0.19468299605089448
3652,0.17682932465667564
3653,0.17942322732273563
3654,0.1712551516415834
3655,0.22344103325079823
3656,0.18258259280144729
3657,0.18815027640933665
3658,0.19673009385100818
3659,0.1972290376515124
3660,0.16899928114435017
3661,0.1752603841292317
3662,0.15399724280692367
3663,0.1325814154324509
3664,0.15722408494305146
3665,0.12139354347758723
3666,0.11852612262499627
3667,0.14382577554935083
3668,0.16149870924699022
3669,0.1895182009075073
3670,0.19208141747909352
3671,0.18197250435487555
3672,0.21329952975011499
3673,0.22842142436011487
3674,0.22273603586419963
3675,0.19799072489244857
3676,0.20054155606271604
3677,0.21759585838670273
3678,0.20303572103391584
3679,0.21162510516474412
3680,0.2071139524394897
3681,0.19784888353652288
3682,0.20266079994602446
3683,0.20966382806135433
3684,0.23518953323498998
3685,0.19088502825329096
3686,0.19692574596592052
3687,0.18617786016384788
3688,0.19886650710272102
3689,0.16742858678505268
3690,0.1780506048289866
3691,0.16096972636623677
3692,0.20527841430079552
3693,0.21587542420306777
3694,0.21386545767386286
3695,0.18392171763101048
3696,0.21190353142661886
3697,0.18357146948108746
3698,0.19076107368882403
3699,0.20400732202749117
3700,0.2003782388342482
3701,0.19315113181715302
3702,0.21146194916561617
3703,0.18748761822083287
3704,0.1912978248357144
3705,0.2057907531763759
3706,0.23468359681219914
3707,0.1950602770632127
3708,0.2100892070849763
3709,0.19937921525606755
3710,0.18476699184936762
3711,0.19329626125559618
3712,0.17148285726972995
3713,0.17839790894623891
3714,0.21469034868346115
3715,0.23414830668947928
3716,0.1973756511468887
3717,0.199126236134416
3718,0.18986736003039914
3719,0.19066113453100708
3720,0.19808866791357627
3721,0.17297121136951582
3722,0.17180325135506755
3723,0.1513510150442232
3724,0.15980226907541922
3725,0.1509263256274171
3726,0.14526946204513214
3727,0.17662014631426948
3728,0.1660332259088299
3729,0.18359234601034366
3730,0.16598033154582564
3731,0.17928834156630571
3732,0.21145721060878558
3733,0.1877068808834338
3734,0.2070509706437551
3735,0.2350076783675058
3736,0.20450701388495202
3737,0.17854727828055966
3738,0.16335153565294572
3739,0.16375786684383506
3740,0.14820751527298845
3741,0.1596078694447978
3742,0.15384472171914101
3743,0.16207566501511989
3744,0.18188533753568706
3745,0.17262692012111433
3746,0.16355870414926132
3747,0.15245788319450143
3748,0.18336235391360825
3749,0.14056590380885156
3750,0.1398364860911142
3751,0.14733579429905527
3752,0.17772875925366646
3753,0.18156555924092854
3754,0.18048786324785
3755,0.15088587449336505
3756,0.1649320932768893
3757,0.18644814029777437
3758,0.17976903673490696
3759,0.19061156740294063
3760,0.19812745920010227
3761,0.18193399455836914
3762,0.19136028284086704
3763,0.19358869792443636
3764,0.21003733294558669
3765,0.2126958335668745
3766,0.16413526524788766
3767,0.18746609068020126
3768,0.17924609924997417
3769,0.20127107462660382
3770,0.20659808267085827
3771,0.18265919541299158
3772,0.186828940342745
3773,0.19721869734841974
3774,0.24843909829150115
3775,0.2147483154309209
3776,0.19032721608569744
3777,0.2057245956442742
3778,0.20378861100447415
3779,0.17600073562725096
3780,0.20160320831128628
3781,0.2290151010621899
3782,0.19718165614588412
3783,0.21356015230884737
3784,0.1882963918662671
3785,0.19778323829500344
3786,0.20705687663074845
3787,0.2048174303281538
3788,0.24092227460120672
3789,0.2335413249137497
3790,0.23503157019011425
3791,0.22198555299328046
3792,0.2174435993744105
3793,0.19916622808757076
3794,0.22134843018146438
3795,0.1965421365463943
3796,0.21168394453610798
3797,0.20734060399929355
3798,0.21046030411173455
3799,0.21732090817172708
3800,0.20342447360712584
3801,0.17034625814745497
3802,0.2089499941864304
3803,0.16698647477050546
3804,0.20354706081835963
3805,0.1876024079080961
3806,0.18144694188854402
3807,0.18548497745350534
3808,0.18153829542839797
3809,0.18318979369967703
3810,0.1556404063306024
3811,0.1801285194173021
3812,0.18386671290340037
3813,0.2005830567437434
3814,0.15537878091292717
3815,0.16067818014466204
3816,0.15860946454038677
3817,0.1688891054797335
3818,0.17330956229474284
3819,0.17914462535004042
3820,0.13806281205303292
3821,0.14188197729868585
3822,0.14884081229147783
3823,0.13238920017925335
3824,0.15020974177822088
3825,0.1820103867625127
3826,0.14225925385516403
3827,0.15635210874120592
3828,0.17121895534357967
3829,0.20042325229009353
3830,0.18524434975739015
3831,0.1762144509652405
3832,0.18050002579162602
3833,0.18545719184896853
3834,0.17425109468812688
3835,0.20863627363934412
3836,0.1712367272988597
3837,0.19641405072992094
3838,0.1820366366420267
3839,0.2253015753374219
3840,0.21217358559046687
3841,0.2011055250876653
3842,0.2225443590796462
3843,0.20767985123645794
3844,0.23293839791994359
3845,0.2798115974702072
3846,0.26854169277434076
3847,0.27727081480959437
3848,0.2656602132213386
3849,0.2506357770783506
3850,0.2799276207699668
3851,0.2356145287942367
3852,0.24105322208283209
3853,0.24783156933202838
3854,0.2348762490653828
3855,0.2667642949315336
3856,0.24545914122735965
3857,0.23283056435639277
3858,0.2410862155817918
3859,0.24992952160489715
3860,0.22566556113790884
3861,0.22862377091641156
3862,0.24182289920243372
3863,0.21659521183421415
3864,0.2078284399468717
3865,0.22878837548956807
3866,0.22414512862460484
3867,0.1971377830902877
3868,0.22035232232826296
3869,0.21462982120388843
3870,0.23795994009064048
3871,0.2395686335285115
3872,0.25646886534453683
3873,0.24088925806948439
3874,0.19054507057170436
3875,0.20029351312751853
3876,0.1856805554245454
3877,0.18278586361697408
3878,0.17107995573257864
3879,0.21062226427471806
3880,0.18653331758426173
3881,0.18851470055311453
3882,0.17630359024732953
3883,0.2078714993856848
3884,0.18138125556155552
3885,0.16054784707754718
3886,0.19973674506815403
3887,0.20980195242736874
3888,0.17803882112992794
3889,0.2099671471372586
3890,0.1998511670503006
3891,0.1810013132986091
3892,0.18981965334671846
3893,0.17516612161368594
3894,0.1707445893685111
3895,0.19084739176872284
3896,0.186690835896958
3897,0.19399437620366544
3898,0.20367873476577406
3899,0.20142752871426253
3900,0.1862285870226469
3901,0.20878128480143754
3902,0.1828054585351595
3903,0.19388669243498172
3904,0.1792614122039072
3905,0.1501153999421648
3906,0.15249071149973392
3907,0.17701841764358955
3908,0.16289989865721738
3909,0.19842736929605717
3910,0.17305048951658833
3911,0.16117313747520653
3912,0.15251708502881664
3913,0.18697881213858839
3914,0.1414025676727792
3915,0.15047993947910138
3916,0.15774244723012285
3917,0.18035845958383992
3918,0.20667612202879598
3919,0.1913075313923882
3920,0.17276058733627217
3921,0.15743199546783368
3922,0.1575816380827726
3923,0.1863453965161141
3924,0.129958240844237
3925,0.16109434295062589
3926,0.16345570071661225
3927,0.19589054279913728
3928,0.18511329209200764
3929,0.2008005812682223
3930,0.20361220428639062
3931,0.19501521813158532
3932,0.18597123885127562
3933,0.21051541473107924
3934,0.24191923279911065
3935,0.17804255623807227
3936,0.19321000116714845
3937,0.15845246949405575
3938,0.14413261677044314
3939,0.17149137483783747
3940,0.15379027485618588
3941,0.15280447569496697
3942,0.1578020105772472
3943,0.18714410366471473
3944,0.1924925417125668
3945,0.17565459120796784
3946,0.16753369088430223
3947,0.18677579068630148
3948,0.17395562663904046
3949,0.1853255336608128
3950,0.20023289276333345
3951,0.21561318695920134
3952,0.17791997227042827
3953,0.1962881194105306
3954,0.18969433431220903
3955,0.20138864194056008
3956,0.20680770571268065
3957,0.1653154509414377
3958,0.17530006895704
3959,0.1799436778262653
3960,0.21426958568106122
3961,0.20793478578397379
3962,0.18595865175765547
3963,0.19633614956856002
3964,0.2039946936190576
3965,0.1916587936719088
3966,0.21187552171952495
3967,0.1836444019218074
3968,0.17842542376018597
3969,0.23875150331496497
3970,0.18477591316247655
3971,0.20523936505273915
3972,0.18860462989500784
3973,0.16989016026582737
3974,0.16985236861317296
3975,0.18674752393790534
3976,0.166676130701945
3977,0.19716227065219336
3978,0.2204653733531879
3979,0.2129153101098104
3980,0.2099761884304209
3981,0.2240541641516901
3982,0.2012762688258703
3983,0.2154726360604998
3984,0.18494741884937554
3985,0.16388746384544597
3986,0.1514738206243959
3987,0.18448818602197792
3988,0.20552045086153842
3989,0.2284712454710794
3990,0.17685691440081963
3991,0.17757574949780802
3992,0.18483411072901723
3993,0.18201103734796226
3994,0.1814980453641403
3995,0.16621382580199476
3996,0.16605404067882878
3997,0.16829676516935418
3998,0.169249868266077
3999,0.19922961798585656
4000,0.21983578647703148
4001,0.1883424728562667
4002,0.19016941082999012
4003,0.18947180856566556
4004,0.1843782108046484
4005,0.20666479577416755
4006,0.22695831105582934
4007,0.20309601271435063
4008,0.18697430675981302
4009,0.21899390066312593
4010,0.22501233766705628
4011,0.23060903570850366
4012,0.22040217394207542
4013,0.21750022909456176
4014,0.2248620445321949
4015,0.17919485046811462
4016,0.19936528718385718
4017,0.2020737290599804
4018,0.2053551594664663
4019,0.18101199617576508
4020,0.20950366632139103
4021,0.21181448394794564
4022,0.2208833270793231
4023,0.24113114503194163
4024,0.2568372824782172
4025,0.226958335431897
4026,0.21077401718873567
4027,0.20227843056064718
4028,0.22605769205716636
4029,0.17361579195175195
4030,0.2047035987120856
4031,0.18444945736507964
4032,0.20189341178504025
4033,0.19974383686565111
4034,0.22746786922494464
4035,0.2492351266282205
4036,0.2302136304018851
4037,0.20532024864562987
4038,0.20438087795730586
4039,0.19171820076975046
4040,0.17714278709265896
4041,0.18943891591285675
4042,0.1853520627839078
4043,0.1657127231468577
4044,0.18233796058266644
4045,0.2087586193178218
4046,0.20885036690467212
4047,0.23910234582811707
4048,0.2123399082832274
4049,0.21776198063217592
4050,0.2138462659109355
4051,0.2458264646160604
4052,0.24785224154790067
4053,0.250412785073987
4054,0.2151118247186023
4055,0.22360069698507917
4056,0.1801342717433317
4057,0.19943922857753665
4058,0.2030813682347554
4059,0.250819744112435
4060,0.1981290846316749
4061,0.2317032270258484
4062,0.19351451349087856
4063,0.22027280644900418
4064,0.2249474605993017
4065,0.22119859707935216
4066,0.21808522812625525
4067,0.18282201152324148
4068,0.21968874780930372
4069,0.1913459247145393
4070,0.1992436399583488
4071,0.21690561068339967
4072,0.1861372863958967
4073,0.21134058269081105
4074,0.21108949009331662
4075,0.2162101376554751
4076,0.19604972471292054
4077,0.21252526288564397
4078,0.17461210336477614
4079,0.17664278316255846
4080,0.1787648681682845
4081,0.1781886419784796
4082,0.17302784831074963
4083,0.23131537957796583
4084,0.21810713057998052
4085,0.19608166306234065
4086,0.21354549102156056
4087,0.21615366816865192
4088,0.19016871460494103
4089,0.19734283194991803
4090,0.2254094467756155
4091,0.1962262384694622
4092,0.18475886144791462
4093,0.19342852560185225
4094,0.1814240286471013
4095,0.20637299321072042
4096,0.17777085904863513
4097,0.1737044954788691
4098,0.17215762322138445
4099,0.1679250579873444
4100,0.16246384550430237
4101,0.19492698708735937
4102,0.1710973031380144
4103,0.20636136251735507
4104,0.1745460012030431
4105,0.20040286148019543
4106,0.16419173348969657
4107,0.16021645230879603
4108,0.17297967559859356
4109,0.1578896428351673
4110,0.1436058095192507
4111,0.19002084364521696
4112,0.21345062015275756
4113,0.19341843449960652
4114,0.18799937446252862
4115,0.1696571510082185
4116,0.17187498756648026
4117,0.16332345258830433
4118,0.18143761581476403
4119,0.190513201648208
4120,0.17916287159020564
4121,0.18800835524144774
4122,0.20304831622012812
4123,0.20586151234650893
4124,0.17090364740338101
4125,0.1926549245578731
4126,0.21659315507074642
4127,0.2194415875891783
4128,0.19526325045139853
4129,0.18699410205975872
4130,0.214592337561196
4131,0.1996394847222184
4132,0.19339306982519272
4133,0.1890235920498863
4134,0.18014387765043607
4135,0.19985407353596382
4136,0.21385162880962688
4137,0.21184598002245095
4138,0.2277939284853171
4139,0.20508439066446424
4140,0.22507018413959118
4141,0.19354954134305016
4142,0.18909823333813047
4143,0.1967237903440843
4144,0.20341048587252425
4145,0.223008682147624
4146,0.20976985845117282
4147,0.2285527949499889
4148,0.19134042922183517
4149,0.19100123506159203
4150,0.19054785504597563
4151,0.18707910789468465
4152,0.16274387409945973
4153,0.18729739685788604
4154,0.18190898579420045
4155,0.17324734929528024
4156,0.15089835078072084
4157,0.17002562728007362
4158,0.18040385529180986
4159,0.160304664677809
4160,0.21861158206122291
4161,0.21532549975744777
4162,0.19564497911314935
4163,0.20399074964339844
4164,0.17660206372794518
4165,0.1638516902297651
4166,0.1709350236288872
4167,0.19068836361419392
4168,0.1856506339981387
4169,0.18156713929500973
4170,0.18580206795917487
4171,0.17169232032722673
4172,0.19502398925666498
4173,0.17633114241170286
4174,0.18278456585348218
4175,0.20110198737979973
4176,0.18875568910676813
4177,0.17201615029137324
4178,0.14318399008953359
4179,0.15759663988144482
4180,0.17762494996919087
4181,0.15288427916538472
4182,0.18431057789794936
4183,0.1971708326148863
4184,0.21822703078845004
4185,0.2016364521891552
4186,0.20584876340104205
4187,0.25780652272827737
4188,0.26406393539276246
4189,0.2371954297799928
4190,0.21942986266789558
4191,0.19169823146268802
4192,0.1842225111955986
4193,0.19213521952298102
4194,0.21410969722171605
4195,0.20445241024849717
4196,0.21277647313698103
4197,0.22160982838404697
4198,0.18329526193281817
4199,0.1863037479077409
4200,0.19819692165517663
4201,0.18744064943741381
4202,0.1724109103529978
4203,0.19160180439165486
4204,0.16173727949160335
4205,0.18311254243573147
4206,0.20797827491650545
4207,0.19569873528809223
4208,0.22292843757465614
4209,0.18925930767350677
4210,0.20829309730116385
4211,0.2382708637133136
4212,0.1992666247881082
4213,0.18377108758875238
4214,0.19690262218602297
4215,0.1858624451524274
4216,0.20789139949616825
4217,0.200755462575913
4218,0.20153565348008332
4219,0.20030242182666774
4220,0.20924221458319767
4221,0.2108688885817552
4222,0.19002354159100066
4223,0.20585844463150593
4224,0.19404148442867544
4225,0.2100148430089739
4226,0.1706548082815989
4227,0.16580179021812294
4228,0.19322800646430147
4229,0.16943601201091893
4230,0.1664725017810165
4231,0.153918635100001
4232,0.16775301134177292
4233,0.182543386059094
4234,0.21472888518224587
4235,0.19711789398835083
4236,0.198240661494253
4237,0.20191583059202547
4238,0.1943970673334159
4239,0.21467384054865407
4240,0.2241884327087092
4241,0.2367596763806295
4242,0.21315430221765802
4243,0.20912149800580812
4244,0.2628124474080139
4245,0.21456967394510162
4246,0.23347963508236183
4247,0.23061481195191127
4248,0.20925718338899324
4249,0.21249732457028575
4250,0.1895990203821665
4251,0.17520450975919896
4252,0.15412648317749178
4253,0.1981550661451006
4254,0.1852830360838055
4255,0.19000605287645259
4256,0.1967762066871608
4257,0.1984956709064386
4258,0.1644739097998859
4259,0.1926707810587975
4260,0.18094086536889142
4261,0.17464714926965375
4262,0.16153262965902596
4263,0.16625618790179839
4264,0.17327425411779368
4265,0.1745999395432223
4266,0.18057491899866582
4267,0.1818990475993572
4268,0.20092478762043067
4269,0.1648776055905735
4270,0.1677536282463119
4271,0.16470325878125702
4272,0.1680920492527333
4273,0.1495353559162979
4274,0.1938428031942005
4275,0.15744064146898548
4276,0.20399849903774092
4277,0.18128421292928842
4278,0.16559859954219472
4279,0.1797670373731466
4280,0.18257464400825058
4281,0.17649728270988208
4282,0.1886961005972514
4283,0.20513138870571695
4284,0.18291866757859782
4285,0.1409907549464503
4286,0.17255703249368876
4287,0.2056729649051617
4288,0.19108832626254907
4289,0.19846943079045712
4290,0.19378461568606398
4291,0.21016507202560372
4292,0.19529632055149523
4293,0.19656614127213298
4294,0.2014756205004951
4295,0.17203365840193216
4296,0.20620548238124534
4297,0.20313803381131612
4298,0.2148612351068469
4299,0.19698964143826433
4300,0.18084055336208352
4301,0.2153703485110192
4302,0.17515752354558098
4303,0.17272811985581454
4304,0.18332564466975168
4305,0.15930729588732534
4306,0.18187587978527303
4307,0.1773591861242959
4308,0.18830642733603611
4309,0.180547200002389
4310,0.1977009621537235
4311,0.18768285699102913
4312,0.19774472813809824
4313,0.19577302030569257
4314,0.19065983286865512
4315,0.20756878289665595
4316,0.19540325544413414
4317,0.20026882521661615
4318,0.14216959353462966
4319,0.19689550581587698
4320,0.16925245353807528
4321,0.19530340032477628
4322,0.19005467628375103
4323,0.20012960825234574
4324,0.1948793889492593
4325,0.2422716913407019
4326,0.22901684866897254
4327,0.19542646313143655
4328,0.15957866884885266
4329,0.18510437592277323
4330,0.18531458251585906
4331,0.17489618323615888
4332,0.20430319372328865
4333,0.19574020546627152
4334,0.20306364857007203
4335,0.2170554572513236
4336,0.20070229548927068
4337,0.21886494058457168
4338,0.2228942242566468
4339,0.18036590912633996
4340,0.18179614098294472
4341,0.18296511407855745
4342,0.19872375144767887
4343,0.23027776170613048
4344,0.20731513625080897
4345,0.177227900883422
4346,0.16128794265962007
4347,0.19888028256240073
4348,0.18566495228401186
4349,0.22708534421279172
4350,0.1871758824229718
4351,0.20898265339907562
4352,0.24276611370830042
4353,0.2396179535212582
4354,0.22182037335888855
4355,0.21309116649885135
4356,0.2194966950304603
4357,0.23391719096742314
4358,0.22973376126744607
4359,0.24212657497490797
4360,0.23722278896716423
4361,0.21831779904057344
4362,0.22609835795616864
4363,0.20977851447796542
4364,0.19107305681858627
4365,0.2090316359929726
4366,0.20227393832004825
4367,0.1982839527678164
4368,0.2026478449507066
4369,0.20589153258772755
4370,0.21522676816511968
4371,0.2042064371494168
4372,0.2181626498588566
4373,0.2118467779127391
4374,0.2088236009667696
4375,0.2091212994260423
4376,0.20765429233982818
4377,0.19772893637791236
4378,0.22435606794131413
4379,0.22169056568776863
4380,0.25106442613178404
4381,0.21712821797837367
4382,0.19422608206245504
4383,0.24884807985552657
4384,0.22928445326737076
4385,0.2114461480350604
4386,0.21869221039343803
4387,0.23994935353217445
4388,0.2194619869831218
4389,0.23915419506722266
4390,0.24961982307620248
4391,0.23356416905690397
4392,0.2370375246938045
4393,0.22731404149475323
4394,0.23850089814053188
4395,0.21314161526079323
4396,0.21099256075734224
4397,0.21962140934846466
4398,0.20759721368065945
4399,0.23489507286108546
4400,0.215981726726781
4401,0.22540538304924793
4402,0.22129291997808676
4403,0.22616969415762264
4404,0.2251141717364945
4405,0.23846986750475832
4406,0.22376898742279192
4407,0.24160247566237678
4408,0.24559628389967286
4409,0.22496109101482636
4410,0.20529801393692934
4411,0.19814538615965074
4412,0.22028481556116108
4413,0.250789555630481
4414,0.2347671441129831
4415,0.21437241438579546
4416,0.24220479983996254
4417,0.2129251514884174
4418,0.22022533012571527
4419,0.2248839138292262
4420,0.2143746509555256
4421,0.21700714034686455
4422,0.24042619243309085
4423,0.22240609327346536
4424,0.2624814062232971
4425,0.20276889270187498
4426,0.20751676682564682
4427,0.23020301416575267
4428,0.18666736115410867
4429,0.18201340841199004
4430,0.19135895365714836
4431,0.19403128962985175
4432,0.2335143224231483
4433,0.22831540750163493
4434,0.19859379607855787
4435,0.21093087901854662
4436,0.20585414808748198
4437,0.18517438618409804
4438,0.18545544502851066
4439,0.19628874752019737
4440,0.19345426659819165
4441,0.21362445663730387
4442,0.226884164857313
4443,0.20663665668388687
4444,0.20976955529021374
4445,0.20078974070018826
4446,0.16732505746495585
4447,0.177657819589237
4448,0.1793229937190591
4449,0.1691341323680175
4450,0.1663307899065681
4451,0.16057809407516885
4452,0.19167950012567184
4453,0.19609187653637747
4454,0.20333197776673795
4455,0.20583120496569843
4456,0.18680399707287645
4457,0.193243173849863
4458,0.21462929207285106
4459,0.19584454512679855
4460,0.20276982066338403
4461,0.22798783446780593
4462,0.20440956432962054
4463,0.19061244936445135
4464,0.22190548626503617
4465,0.22382027391547635
4466,0.23036203049264667
4467,0.240084176480914
4468,0.20904374375612336
4469,0.25003154491649443
4470,0.18617280540617243
4471,0.18366324956936123
4472,0.2201457618575691
4473,0.20248260791033348
4474,0.2165495416989025
4475,0.21595228898839314
4476,0.2025568680276497
4477,0.19840702091493234
4478,0.2035284690212252
4479,0.2159805943863608
4480,0.2110636336382917
4481,0.20570978554502617
4482,0.19762747270020065
4483,0.1706520568002043
4484,0.1998691998360566
4485,0.1761701172543879
4486,0.20928794752619984
4487,0.20233600250754952
4488,0.18377107091211464
4489,0.20362817847392095
4490,0.21932174376674693
4491,0.18106551248889208
4492,0.16705203970860869
4493,0.1647688777136605
4494,0.17619159607564785
4495,0.20987951307734426
4496,0.21806039795609822
4497,0.20768252365945067
4498,0.21871653177871084
4499,0.21180708391114195
4500,0.21490758013814884
4501,0.22259445851681267
4502,0.20026228070115312
4503,0.23464717329910284
4504,0.24967955014269494
4505,0.2507667712480087
4506,0.2701544237932812
4507,0.23848359555560766
4508,0.23113086843991004
4509,0.24898915739523705
4510,0.240640414917788
4511,0.19765219743731258
4512,0.22748702314599312
4513,0.22180514185509542
4514,0.2173353254689932
4515,0.23406648871342717
4516,0.22297342252622887
4517,0.24568339692114202
4518,0.2530113519564243
4519,0.23558349619265123
4520,0.26759016265477636
4521,0.23872799059918215
4522,0.2456280921451085
4523,0.2398855954700826
4524,0.22657772079575206
4525,0.22921596624816307
4526,0.2323044101479147
4527,0.23192673797179086
4528,0.2506568031403657
4529,0.22061666541536817
4530,0.23259219767160225
4531,0.1978581464422136
4532,0.18456657522890743
4533,0.1787423458613025
4534,0.2040567833293501
4535,0.1944613748071714
4536,0.20693361773435073
4537,0.18904263909629423
4538,0.24050719371258764
4539,0.19762550931279813
4540,0.18421540652203355
4541,0.18015085906759473
4542,0.13683002640957478
4543,0.13426166232675485
4544,0.15434970134851494
4545,0.14970085847233208
4546,0.13565115607353306
4547,0.13831300516052736
4548,0.15251984234212004
4549,0.17529027692031174
4550,0.16721444932172047
4551,0.1599712436484379
4552,0.15176228242156656
4553,0.18666048854463865
4554,0.18218787349765608
4555,0.17801312485580978
4556,0.1642223782693568
4557,0.1426429161877937
4558,0.17687534310109326
4559,0.18415067761096937
4560,0.16602162981375393
4561,0.19022510752339047
4562,0.17542052719398182
4563,0.16410254670048643
4564,0.15728259854661916
4565,0.15822202106685052
4566,0.1668000980114259
4567,0.15464960223791746
4568,0.15992524079946138
4569,0.15540507001038872
4570,0.16420402551494995
4571,0.14444712229898624
4572,0.14335549695591968
4573,0.1607205361504487
4574,0.15515289831321316
4575,0.15476256922438336
4576,0.1736091455089416
4577,0.20600332319958647
4578,0.18153046717223464
4579,0.15006352393525374
4580,0.14547323755010172
4581,0.18750652438405446
4582,0.2099065255280595
4583,0.1886045111272052
4584,0.19682332061302527
4585,0.16671109630340641
4586,0.19531724036137693
4587,0.19071160416331864
4588,0.17945812379314507
4589,0.19004569939941873
4590,0.20439216886008366
4591,0.20192296888097414
4592,0.18298295201959056
4593,0.2286920997860516
4594,0.23021554212119824
4595,0.202120756359067
4596,0.18717328139171477
4597,0.2149084584956711
4598,0.24048254678886358
4599,0.22909605958527782
4600,0.22172287567392923
4601,0.22817653566840765
4602,0.25501536417242665
4603,0.23988226069953245
4604,0.22942079899953802
4605,0.21327018414277837
4606,0.2012729614456327
4607,0.2533086015880756
4608,0.2366763650100377
4609,0.2482936580909598
4610,0.24357742364425286
4611,0.24433912209031672
4612,0.21016022020524402
4613,0.20811232933108129
4614,0.24101005681781162
4615,0.1948197340935908
4616,0.21921129170897652
4617,0.22970073929697743
4618,0.23379963859363756
4619,0.19699481126146332
4620,0.21853473293686587
4621,0.2034427989712203
4622,0.21372626135061754
4623,0.22423072086122173
4624,0.2538086254384034
4625,0.24159669879646195
4626,0.20046372275462934
4627,0.22838321798667593
4628,0.24361147104773745
4629,0.24483211472291755
4630,0.22738117931172414
4631,0.24444292328219996
4632,0.22301706358325707
4633,0.217571945398853
4634,0.24024483996160206
4635,0.2102904847965774
4636,0.23732136919197552
4637,0.2280365867340746
4638,0.222406410883142
4639,0.2323955068544436
4640,0.23857985952977978
4641,0.20622527614130484
4642,0.2597422565304785
4643,0.25350743310887075
4644,0.2833609536887564
4645,0.26038419139200036
4646,0.19892776117913677
4647,0.22156781226713845
4648,0.17742489345270798
4649,0.19470027747057736
4650,0.22718462289057245
4651,0.19129379908228003
4652,0.20559325847320245
4653,0.20850575070756283
4654,0.19072447836376735
4655,0.18698306625383881
4656,0.2093267940007582
4657,0.2436826653503355
4658,0.2191922579317991
4659,0.21328837566784573
4660,0.19140893612850648
4661,0.23677463365366214
4662,0.2455649773949621
4663,0.2211211447456124
4664,0.22058880032650327
4665,0.2220502882647432
4666,0.23395109270424583
4667,0.22405749207466197
4668,0.20014134152832888
4669,0.21019273001618444
4670,0.23268078478989118
4671,0.24594663833449268
4672,0.22579659763805
4673,0.24618985562739237
4674,0.23872976163188991
4675,0.21136437677980438
4676,0.2498084252654113
4677,0.213430941490985
4678,0.18215657993454037
4679,0.1792318848244964
4680,0.16759333666447246
4681,0.16862390438125954
4682,0.19549871877588154
4683,0.20083776548499838
4684,0.17727447037767988
4685,0.17507203464514315
4686,0.17346618232968955
4687,0.17593997015338375
4688,0.21128406713846232
4689,0.20490182240383986
4690,0.21140649996793456
4691,0.2330734068672527
4692,0.23503884294059707
4693,0.24734658276327756
4694,0.24438392517152485
4695,0.23086455744403508
4696,0.22690146603340539
4697,0.2321792071618347
4698,0.21844172415062527
4699,0.22255784133848022
4700,0.2194442195492092
4701,0.23349964681819801
4702,0.2057823717407427
4703,0.22452653250146534
4704,0.22314146602520285
4705,0.22235803523367034
4706,0.20510049554572263
4707,0.212272793302438
4708,0.2175353824441655
4709,0.2272106916205196
4710,0.2518261569482173
4711,0.26219172971818766
4712,0.25743431737676764
4713,0.2560328825349243
4714,0.25387043082676763
4715,0.24232816892011744
4716,0.23992662927078265
4717,0.2563619777624374
4718,0.25342503308867737
4719,0.25339987233448497
4720,0.2419338442858293
4721,0.24042723067664784
4722,0.2585509256335764
4723,0.25717041030674287
4724,0.2684051259210977
4725,0.2596114505217833
4726,0.24691616827970056
4727,0.257093187055617
4728,0.23316986991264366
4729,0.2611395597926801
4730,0.2329298088945734
4731,0.21655381507910948
4732,0.24363022531922576
4733,0.2597325219282213
4734,0.26877773298627006
4735,0.23316731314491806
4736,0.22520613159826666
4737,0.2225401507678131
4738,0.2688346736454431
4739,0.2133947210462583
4740,0.24319949709206884
4741,0.22951027450098982
4742,0.2258912871934685
4743,0.24481913544982256
4744,0.2513217749256624
4745,0.2344184579644355
4746,0.25018689467655253
4747,0.24923271244738512
4748,0.25024327701238136
4749,0.22953191540344112
4750,0.21585963437593056
4751,0.1999235092232329
4752,0.24869886863800994
4753,0.17531109293532476
4754,0.226650066703727
4755,0.22895754179477448
4756,0.19367303865966828
4757,0.2024477543601505
4758,0.18041511208775118
4759,0.19617755320461572
4760,0.23614550681025484
4761,0.21572885500398634
4762,0.21322202014572184
4763,0.22083631786570596
4764,0.22118120485340473
4765,0.18759869963328415
4766,0.19290322334348994
4767,0.20792059154083176
4768,0.2093137331792328
4769,0.19819732566228637
4770,0.21331974255574543
4771,0.25775686553326216
4772,0.2573194160969155
4773,0.24696443164854867
4774,0.23609887382027248
4775,0.22139841189926132
4776,0.22169111411652628
4777,0.21807575222484496
4778,0.2598613815210237
4779,0.23399898591071264
4780,0.21157595947398639
4781,0.25206811051893446
4782,0.24381559735184125
4783,0.2504291265079447
4784,0.24413010723793402
4785,0.23331437002916916
4786,0.23234504118651933
4787,0.24204176087216964
4788,0.21362831618134157
4789,0.22837327717075004
4790,0.21549283336897967
4791,0.21322711474385164
4792,0.23225102705130762
4793,0.21580468134917355
4794,0.20964508624000797
4795,0.2045726859270404
4796,0.18642382268030752
4797,0.21857537501678082
4798,0.2035803487631787
4799,0.20418150511743957
4800,0.2147710195099769
4801,0.18427199117267057
4802,0.19923276413675445
4803,0.1951909567029662
4804,0.20363904682543005
4805,0.20217823496266743
4806,0.2053964796204339
4807,0.235272881333501
4808,0.22134356915455225
4809,0.2376401356178201
4810,0.21883701268801667
4811,0.20641636911248648
4812,0.19353845698157637
4813,0.21963736047046864
4814,0.20021309828247627
4815,0.2046314937143595
4816,0.2325161528264222
4817,0.20231835754371852
4818,0.20986416339549224
4819,0.2044410743941539
4820,0.20370928616936881
4821,0.17487269417564621
4822,0.2113653198780653
4823,0.2255609529474756
4824,0.20262201775351535
4825,0.22944014291630685
4826,0.20139490629506343
4827,0.24253594685088672
4828,0.22558223793968193
4829,0.2666792635738165
4830,0.23585342336505027
4831,0.21654510312496833
4832,0.23844513831180625
4833,0.2264315567505041
4834,0.23407707693673982
4835,0.23342978658108493
4836,0.23585007473552622
4837,0.22556330563116217
4838,0.23291633961009786
4839,0.24422265474641158
4840,0.21415651833989757
4841,0.23653850986196337
4842,0.22615333686611566
4843,0.22015397787013066
4844,0.24212607189087826
4845,0.20955761838949008
4846,0.22696942438026493
4847,0.2311966973210248
4848,0.24227852623934681
4849,0.23608210632934837
4850,0.23703334449308153
4851,0.22320877460570124
4852,0.22295168415227062
4853,0.2497442342332476
4854,0.2883852060260346
4855,0.2368376102072318
4856,0.22819002664234111
4857,0.22908616296735626
4858,0.25162128091621705
4859,0.2618736450686746
4860,0.23095687400237733
4861,0.24833198660684516
4862,0.23529113324175743
4863,0.23094459318225175
4864,0.2456750615510346
4865,0.26335584755326985
4866,0.24614746453186304
4867,0.21872355175854644
4868,0.22721364603922997
4869,0.20807721183788663
4870,0.26445133493040274
4871,0.22861691462318048
4872,0.22144286139643513
4873,0.25804811170641334
4874,0.2634203990498097
4875,0.24385835487470933
4876,0.24188734176023058
4877,0.2325018395206057
4878,0.23910606468554962
4879,0.23430352496948456
4880,0.20414820193757824
4881,0.21516205855177595
4882,0.24555664127129354
4883,0.2516216208706222
4884,0.2524335004005737
4885,0.25888750775401553
4886,0.26320271391849814
4887,0.2682028397479901
4888,0.24415492161606875
4889,0.2263191984449306
4890,0.22772693427090565
4891,0.2286636898068905
4892,0.23285163497681086
4893,0.2280729479964607
4894,0.21934939179721405
4895,0.24447751098908638
4896,0.23208724913482018
4897,0.21237019263127507
4898,0.23180660366788725
4899,0.247297123820393
4900,0.24382782961641278
4901,0.22254613695993197
4902,0.2348283614614799
4903,0.23149412377745684
4904,0.24905798302554502
4905,0.2217434614268412
4906,0.2230254767667524
4907,0.22547721601137005
4908,0.2320379400523296
4909,0.25194432688181273
4910,0.2790222292059274
4911,0.2910501881912776
4912,0.27030301247093125
4913,0.2654375324705264
4914,0.2850839680660422
4915,0.25352304470239545
4916,0.2516484143626547
4917,0.22321848260397054
4918,0.23988864699990092
4919,0.2518611076095082
4920,0.25141963019180713
4921,0.2763671891016245
4922,0.2862131005104901
4923,0.23920601612969092
4924,0.23050649696102515
4925,0.2375471637233162
4926,0.2563591024021292
4927,0.23051405855480386
4928,0.2454017796878582
4929,0.23986412775565996
4930,0.23616460637660402
4931,0.21184792411213327
4932,0.19561227527657374
4933,0.21107071265801147
4934,0.17612472056351183
4935,0.19189397734682814
4936,0.19815813186152798
4937,0.206050095696687
4938,0.21606060584680054
4939,0.18505487291293835
4940,0.20278849918558706
4941,0.21857959079869912
4942,0.2513606660569145
4943,0.23114317232556184
4944,0.23628255859653102
4945,0.2889341758078671
4946,0.2746511094534648
4947,0.28158438751543885
4948,0.31480000447932344
4949,0.27083408514079277
4950,0.2683641967015909
4951,0.2509301339194949
4952,0.23388877351817702
4953,0.23929721171655846
4954,0.22457081827927114
4955,0.24384163993649
4956,0.2526790987503782
4957,0.2503542339234117
4958,0.2389699968536584
4959,0.2328580797928469
4960,0.20745586515377826
4961,0.23700631896971736
4962,0.22556277463260335
4963,0.2356539615066684
4964,0.25152287522273903
4965,0.24887375106554305
4966,0.2728209093131775
4967,0.2887633124827713
4968,0.26060201432672625
4969,0.266557041643198
4970,0.2715332525190282
4971,0.2859232514398588
4972,0.26163916679259347
4973,0.2740172316358484
4974,0.2649069074160355
4975,0.29742120538779254
4976,0.26128961614549756
4977,0.25817794054277493
4978,0.2723243827077537
4979,0.28683128040267575
4980,0.24276602049605264
4981,0.2867859305793194
4982,0.2623901240424151
4983,0.27256973742793617
4984,0.2464424426678597
4985,0.24514963826418593
4986,0.23342100923093442
4987,0.26449646397598797
4988,0.24950260747875946
4989,0.25310466079108845
4990,0.25386067450228894
4991,0.24254930896584992
4992,0.230135648937108
4993,0.2198547399507927
4994,0.2601543551513855
4995,0.25749437142330667
4996,0.2500870477480775
4997,0.23658580981916114
4998,0.25138148829699875
4999,0.25059456897566157
