,phi
0,-0.09150704727968904
1,-0.0850251615822532
2,-0.017549794076158632
3,-0.00862391868952556
4,-0.01754979407615871
5,-0.022012731769475092
6,0.008484009134854122
7,0.07170895979017117
8,0.01602849904498437
9,-0.0004418662517786417
10,0.07245278273905716
11,0.03972457298806964
12,-0.04273351391701606
13,0.006996363237082045
14,0.05906396965910778
15,0.06501455325019655
16,0.014434592725942887
17,0.03451781234586711
18,0.1998590278411159
19,0.16914976609424778
20,0.22568031020958992
21,0.24948264457394445
22,0.24278823803396984
23,0.20559709058966577
24,0.27997938547827395
25,0.3186581788203501
26,0.15576095301429835
27,0.16245535955427295
28,0.14460360878100711
29,0.17138123494090587
30,0.24204441508508368
31,0.20198423626650458
32,0.24289449845523917
33,0.14545369215116252
34,0.13419008749660183
35,0.15352948416763987
36,0.14683507762766512
37,0.20782855943632386
38,0.15427330711652595
39,0.20931620533409614
40,0.30080642804708385
41,0.33650992959361575
42,0.29559966740488147
43,0.2613838117561216
44,0.2695658641938686
45,0.2011341528963491
46,0.1646868284009311
47,0.09551129415452568
48,0.12377656621219682
49,0.14906654647432335
50,0.15055419237209558
51,0.20336562174300762
52,0.1014618777456143
53,0.11931362851888029
54,0.12005745146776613
55,0.12154509736553828
56,0.12898332685439937
57,0.1929521004586023
58,0.2026217987941214
59,0.1877453398163998
60,0.1788194644297668
61,0.21898590366961507
62,0.17361270378756402
63,0.1706374119920198
64,0.16319918250315896
65,0.20857238238520992
66,0.17919137590420972
67,0.19858390278588256
68,0.238750342025731
69,0.1740377454726419
70,0.16766212019647533
71,0.17138123494090587
72,0.11261922197890545
73,0.10518099249004452
74,0.14534743172989295
75,0.14162831698546274
76,0.06724602209685455
77,0.12026997231030526
78,0.06352690735242401
79,0.09253600235898131
80,0.0719214806327099
81,0.07712824127491243
82,0.15129801532098172
83,0.1788194644297667
84,0.10146187774561422
85,0.10114309648180585
86,0.04716280247693033
87,0.053325906910557906
88,0.14109701487911555
89,0.19146445456083008
90,0.18519508970593318
91,0.14534743172989312
92,0.17212505788979196
93,0.1380154626623017
94,0.13567773339437397
95,0.15427330711652612
96,0.18997680866305794
97,0.1453474317298932
98,0.08658541876789269
99,0.16022389070761464
100,0.12547673295250764
101,0.20432196553443221
102,0.23646574296843798
103,0.16914976609424756
104,0.14088449403657657
105,0.1468350776276652
106,0.19667121520303255
107,0.0805285747555346
108,0.1353058219199309
109,0.025591936959233955
110,0.07192148063271005
111,-0.0034171580473231797
112,0.02931105170366434
113,0.0063588007094652205
114,0.051625740170246785
115,0.03972457298806949
116,0.04344368773249987
117,0.17026550051757688
118,0.17733181853199448
119,0.2063409135385517
120,0.25840851996057745
121,0.08509777287012053
122,0.1304709727521715
123,0.079891012227918
124,0.05162574017024671
125,0.04195604183472779
126,0.013690769777056655
127,-0.04507124318494361
128,-0.01978126292281694
129,-0.030194784207222086
130,-0.06812975460041222
131,0.02569819738050344
132,0.0657583761990824
133,0.05236956311913294
134,0.06352690735242417
135,0.1046496903836975
136,0.07617189748348754
137,0.10344540560931058
138,0.0827069133915582
139,0.2613838117561219
140,0.23396862306860616
141,0.12675185800774105
142,0.11899484725507191
143,0.14407230667465992
144,0.0828663040234623
145,0.10704054986225998
146,0.16580256282426026
147,0.038343187511566665
148,0.07765954338125962
149,0.13902493666436144
150,0.15990510944380634
151,0.015178415674828732
152,0.033030166448094644
153,0.12228892031442451
154,0.1431159628832348
155,0.14162831698546258
156,0.15055419237209566
157,0.06214552187592142
158,0.09189843983136471
159,0.06203926145465209
160,0.09476747120563953
161,0.03600545824363918
162,0.07394042863682931
163,0.08286630402346223
164,0.15352948416763995
165,0.13716537929214603
166,0.1609677136565008
167,0.25245793636948877
168,0.27105351009164064
169,0.11931362851888014
170,0.11113157608113329
171,0.1557609530142981
172,0.12908958727566877
173,0.08658541876789261
174,0.23120585211560082
175,0.2561770511139193
176,0.13950310856007384
177,0.06883992841589603
178,0.060232834293071406
179,-0.04358359728717154
180,-0.04709019118906299
181,-0.06812975460041222
182,-0.0168059711272724
183,0.0628893448248075
184,0.014753373989751184
185,-0.03083234673483868
186,-0.042839774338285466
187,-0.053572076886498905
188,-0.06356055648582627
189,0.0003019566971072799
190,-0.0361453677983107
191,-0.026475669462791628
192,0.0650145532501964
193,0.06809610546701018
194,0.026707671382563112
195,-0.020418825450433532
196,-0.0008669079368564992
197,0.02856722875477834
198,-0.057220351350082944
199,0.0828663040234623
200,0.22057980998865687
201,0.11038775313224729
202,-0.0004418662517787965
203,0.02893914022922134
204,0.050138094272474634
205,0.04865044837470241
206,0.10071805479672814
207,0.02559193695923411
208,0.0650145532501964
209,0.06947749094351285
210,0.023041686848767586
211,0.05215704227659398
212,0.06140169892703534
213,0.13270244159882974
214,0.08881688761455084
215,0.08732924171677861
216,0.1929521004586023
217,0.16691829724758958
218,0.09848658595006991
219,0.11708215967222191
220,0.15352948416763987
221,0.14088449403657657
222,0.20304684047919916
223,0.1464631661532222
224,0.13753729076658927
225,0.1356777333943741
226,0.14704759847020415
227,0.12377656621219682
228,0.2249364872607037
229,0.17881946442976662
230,0.21303532007852655
231,0.11856980556999405
232,0.1379092022410322
233,0.2747726248360711
234,0.23386236264733667
235,0.16840594314536156
236,0.17733181853199448
237,0.11410686787667759
238,0.09179217941009515
239,0.16617447429870333
240,0.0449313336302721
241,0.006996363237081968
242,0.0687336679946267
243,0.08881688761455092
244,0.1133630449277916
245,0.06575837619908247
246,0.047906625425816404
247,-0.016805971127272633
248,0.03972457298806956
249,0.06427073030131009
250,0.0330301664480948
251,0.05385720901690509
252,0.03526163529475295
253,0.16319918250315896
254,0.24204441508508376
255,0.15576095301429818
256,0.20857238238521
257,0.17807564148088048
258,0.10443716954115853
259,0.10751872175797224
260,0.11793224304237747
261,0.1965118245711286
262,0.14609125467877912
263,0.16064893239269243
264,0.14088449403657657
265,0.14460360878100698
266,0.1654306513498172
267,0.25766469701169126
268,0.18328240212308303
269,0.26775943703228816
270,0.27519766652114896
271,0.24873882162505845
272,0.2993187821493118
273,0.32163347061589426
274,0.15501713006541212
275,0.1517230570060595
276,0.20899742407028749
277,0.26993777566831145
278,0.2822108543249318
279,0.230568289587984
280,0.3528740344691096
281,0.4272563293577179
282,0.4160989851244268
283,0.4064292867889077
284,0.3766763688334645
285,0.35882461806019855
286,0.2420444150850836
287,0.18923298571417194
288,0.20076224142190616
289,0.2601086867008885
290,0.23386236264733676
291,0.24055676918731145
292,0.23460618559622276
293,0.33597862748726876
294,0.2807232084271598
295,0.21919842451215404
296,0.19784007983699647
297,0.19560861099033833
298,0.2145229659762987
299,0.2985749592004258
300,0.25182037384187195
301,0.20931620533409592
302,0.1944397463563744
303,0.1386530251899183
304,0.17584417263422242
305,0.09041079393359255
306,0.09476747120563953
307,0.11485069082556375
308,0.15724859891207035
309,0.20708473648743786
310,0.11708215967222182
311,0.10369334659227238
312,0.08286630402346215
313,0.11261922197890552
314,0.1460912546787792
315,0.2584085199605775
316,0.21006002828298223
317,0.2063409135385517
318,0.19518356930526054
319,0.10677489880908632
320,0.1527856612187538
321,0.11782598262110813
322,0.07617189748348754
323,0.03898075003918341
324,0.040468395936955566
325,0.07064635557747656
326,0.03419903108205873
327,0.07220484175609498
328,0.05360926803394299
329,0.1319586186499436
330,0.0836101269723483
331,0.12547673295250764
332,0.1163383367233359
333,0.11633833672333582
334,0.11283174282144433
335,0.0842476894999649
336,0.13202945893078985
337,0.18211353748911946
338,0.18338866254435282
339,0.26637805155578553
340,0.1517230570060595
341,0.1078375030217806
342,0.14460360878100698
343,0.0776595433812597
344,0.08137865812569016
345,0.007102623658351529
346,0.044984463840906805
347,0.09200470025263412
348,0.03303016644809472
349,0.08775428340185631
350,0.05051000574691756
351,0.11081279481732499
352,0.12414847768663959
353,0.14981036942320958
354,0.16691829724758941
355,0.2338623626473366
356,0.19667121520303246
357,0.23981294623842522
358,0.15352948416763973
359,0.13419008749660175
360,0.13195861864994343
361,0.15204183826986772
362,0.10316204448592518
363,0.06990253262859047
364,0.12080127441665243
365,0.17510034968533625
366,0.22164241420135108
367,0.26292458786452866
368,0.27105351009164075
369,0.19964650699857708
370,0.2896490838137929
371,0.2665905723983243
372,0.22121737251627321
373,0.3127075952292615
374,0.22791177905624815
375,0.22791177905624815
376,0.22568031020958984
377,0.24799499867617253
378,0.2437445818253947
379,0.22568031020958992
380,0.2461885715145917
381,0.2365188731790729
382,0.2368376544428812
383,0.1647930888222008
384,0.15469834880160388
385,0.17233757873233108
386,0.2222799767289679
387,0.22461770599689554
388,0.11856980556999405
389,0.15501713006541204
390,0.2286556020051342
391,0.2863550107544402
392,0.21824208072072906
393,0.25171411342060274
394,0.28964908381379295
395,0.23237471674956453
396,0.16914976609424764
397,0.15948006775872864
398,0.2532017593183749
399,0.15576095301429818
400,0.21712634629739985
401,0.18700151686751362
402,0.12600803505885505
403,0.07075261599874612
404,0.1527856612187539
405,0.26956586419386835
406,0.346923450878021
407,0.3208896476670082
408,0.23163089380067844
409,0.2621276347050079
410,0.27997938547827383
411,0.2748788852573408
412,0.25065150920790835
413,0.20081537163254087
414,0.22684917484355385
415,0.19592739225414663
416,0.2048532676407797
417,0.1736127037875642
418,0.19443974635637432
419,0.2911367297115649
420,0.2003903299474631
421,0.08137865812569023
422,0.15576095301429835
423,0.17584417263422247
424,0.1036933465922726
425,0.1877453398163997
426,0.22419266431181775
427,0.1425846607768876
428,0.17435652673645033
429,0.2257865706308594
430,0.24767621741236392
431,0.2353500085451089
432,0.2491638633101363
433,0.26085250964977447
434,0.20952872617663482
435,0.30346293857881973
436,0.2526704572120276
437,0.3253525853603246
438,0.24597605067205286
439,0.2573459157478829
440,0.18700151686751357
441,0.18105093327642502
442,0.19072063161194408
443,0.23386236264733692
444,0.2963434903537675
445,0.2513953321567944
446,0.32354615819874416
447,0.24618857151459161
448,0.24501970688062774
449,0.2505983789972735
450,0.3383694869658311
451,0.28109511990160296
452,0.21377914302741255
453,0.11968553999332321
454,0.14385978583212072
455,0.21197271586583202
456,0.26993777566831173
457,0.27898762154642565
458,0.25288297805456655
459,0.23163089380067844
460,0.23428740433241463
461,0.20262179879412123
462,0.21898590366961498
463,0.2695658641938685
464,0.2859299690693624
465,0.23535000854510899
466,0.2241926643118177
467,0.22791177905624815
468,0.19815886110080508
469,0.28964908381379295
470,0.2881614379160208
471,0.23683765444288113
472,0.3327908148491855
473,0.3223772935647804
474,0.2368376544428809
475,0.2413005921361976
476,0.23163089380067844
477,0.2948558444559955
478,0.2554332281650332
479,0.3008064280470842
480,0.2829546772738183
481,0.24353206098285582
482,0.27477262483607134
483,0.24873882162505837
484,0.3030378968937423
485,0.29634349035376756
486,0.3617999098557427
487,0.3625437328046287
488,0.4428766112843254
489,0.3692381393446034
490,0.3357661066447298
491,0.36031226395797056
492,0.35659314921354024
493,0.32684023125809686
494,0.23800651907684492
495,0.2814670313760459
496,0.253945582267261
497,0.30973230343371705
498,0.35064256562245133
499,0.2970873133026537
500,0.38857753601564177
501,0.3610560869068567
502,0.3484110967757931
503,0.28518614612047644
504,0.2521391551056805
505,0.35234273236276276
506,0.345435804980249
507,0.32758405420698283
508,0.282210854324932
509,0.2770040936827295
510,0.17063741199201987
511,0.1929521004586023
512,0.17063741199201996
513,0.18328240212308317
514,0.23758147739176722
515,0.30750083458705874
516,0.294962104877265
517,0.17903198527230552
518,0.22642413315847607
519,0.2026217987941214
520,0.25097029047171665
521,0.18997680866305794
522,0.2636152806027799
523,0.1847700480208554
524,0.20410944469189346
525,0.24576352982951383
526,0.2658467494494382
527,0.2651029265005521
528,0.27551644778495726
529,0.24618857151459192
530,0.3071820533232505
531,0.2770040936827293
532,0.27254115598941286
533,0.28072320842715975
534,0.2152667889251846
535,0.1884891627652858
536,0.218242080720729
537,0.33725375254250206
538,0.23311853969845053
539,0.2900741254988707
540,0.3484110967757931
541,0.3975034114022747
542,0.3022940739448562
543,0.30123146973216175
544,0.3161079287098834
545,0.3409728672869324
546,0.3238649394625524
547,0.29634349035376767
548,0.3069695324807117
549,0.3039942406851674
550,0.3536178574179958
551,0.3434168569761295
552,0.38634606716898345
553,0.3394852213891602
554,0.4041978179422494
555,0.3610560869068567
556,0.35808079511131236
557,0.4041978179422493
558,0.44213278833543956
559,0.381883129475667
560,0.4785801128308577
561,0.3989910573000468
562,0.38783371306675557
563,0.4064292867889077
564,0.4358634234805426
565,0.47448908661198425
566,0.5313915422017693
567,0.4979195095018957
568,0.48676216526860444
569,0.4622160079553639
570,0.4927127488596931
571,0.3466046696142126
572,0.36626284754905897
573,0.38634606716898345
574,0.40345399499336326
575,0.3528740344691096
576,0.3863460671689833
577,0.2963434903537675
578,0.35138638857133775
579,0.35956844100908436
580,0.4041978179422494
581,0.3826269524245528
582,0.40122252614670495
583,0.36626284754905913
584,0.3352348045383826
585,0.31419524112703345
586,0.2955996674048814
587,0.3194020017692361
588,0.3729572540890339
589,0.4146113392266545
590,0.35436168036688176
591,0.39973488024893283
592,0.3975034114022745
593,0.3952719425556164
594,0.4361822047443508
595,0.43990131948878125
596,0.4332069129488063
597,0.4094045785844519
598,0.4027101720444773
599,0.3573369721624262
600,0.3417166902358184
601,0.37168212903380055
602,0.3486236176183321
603,0.26149007217739123
604,0.3135576785994169
605,0.34394815908247683
606,0.3484642269864281
607,0.3785359262056795
608,0.427256329357718
609,0.3301874345280843
610,0.3432043361335907
611,0.2563895719564581
612,0.28454858359285984
613,0.27785417705288507
614,0.22801803947751764
615,0.3127075952292615
616,0.2680782182960964
617,0.19667121520303263
618,0.14906654647432335
619,0.14534743172989303
620,0.1587362448098425
621,0.12983341022455483
622,0.16022389070761472
623,0.1431159628832348
624,0.13865302518991834
625,0.2844423231715902
626,0.27551644778495726
627,0.30750083458705857
628,0.23237471674956445
629,0.23832530034065322
630,0.2011341528963491
631,0.1855138709697414
632,0.1795632873786528
633,0.198902684049691
634,0.17584417263422225
635,0.21824208072072893
636,0.300806428047084
637,0.31419524112703345
638,0.24873882162505837
639,0.2680782182960963
640,0.2338623626473366
641,0.39675958845338866
642,0.3379975754913879
643,0.21006002828298215
644,0.25617705111391914
645,0.30080642804708413
646,0.35287403446910975
647,0.21675443482295692
648,0.14130953572165436
649,0.1944397463563744
650,0.21526678892518478
651,0.18477004802085534
652,0.2100600282829821
653,0.28221085432493204
654,0.24055676918731136
655,0.3134514181781473
656,0.32758405420698317
657,0.2576646970116912
658,0.25617705111391903
659,0.22642413315847593
660,0.22121737251627321
661,0.21898590366961498
662,0.1654306513498172
663,0.1044371695411586
664,0.07542807453460154
665,0.09551129415452561
666,0.21675443482295684
667,0.13419008749660188
668,0.14683507762766526
669,0.12154509736553859
670,0.1148506908255639
671,0.19146445456083017
672,0.24810125909744185
673,0.3030378968937423
674,0.3365099295936159
675,0.21824208072072906
676,0.28369850022270426
677,0.2952808861410733
678,0.3149390640759198
679,0.3469234508780212
680,0.36849431639571745
681,0.3149390640759198
682,0.2948558444559955
683,0.3558493262646542
684,0.3379975754913881
685,0.27328497893829906
686,0.291136729711565
687,0.2651029265005521
688,0.2851861461204761
689,0.34989874267356547
690,0.3037817198426284
691,0.24395710266793352
692,0.23535000854510876
693,0.2900741254988705
694,0.30271911562993403
695,0.3156828870248056
696,0.3045255427915143
697,0.30712892311261586
698,0.2751976665211491
699,0.3339065492725146
700,0.3666878892341369
701,0.3543616803668816
702,0.3432043361335905
703,0.32684023125809686
704,0.3231211165136664
705,0.36626284754905913
706,0.3045255427915143
707,0.4041978179422493
708,0.28858647960109834
709,0.2680782182960964
710,0.3350222836958438
711,0.35882461806019855
712,0.33427846074695744
713,0.3692381393446033
714,0.3595684410090842
715,0.3766763688334644
716,0.41237987037999635
717,0.3379975754913881
718,0.3491549197246793
719,0.30346293857882006
720,0.35808079511131236
721,0.3052693657404006
722,0.3082446575359447
723,0.2003903299474631
724,0.23386236264733667
725,0.22939942495402021
726,0.2576646970116914
727,0.3179143558714641
728,0.27030968714275483
729,0.32460876241143855
730,0.34267303402724353
731,0.43618220474435093
732,0.3781640147312367
733,0.300806428047084
734,0.3198270434543139
735,0.24911073309950135
736,0.2613838117561218
737,0.2710535100916408
738,0.3030378968937423
739,0.2532017593183748
740,0.26680309324086315
741,0.3387059782998511
742,0.3317990509173375
743,0.3353941951702868
744,0.3171705329225778
745,0.30452554279151456
746,0.2502264675228306
747,0.23758147739176722
748,0.32163347061589426
749,0.27105351009164075
750,0.23906912328953922
751,0.24130059213619737
752,0.21941094535469277
753,0.33024056473871877
754,0.3027899559107802
755,0.34394815908247656
756,0.3149390640759195
757,0.26733439534721026
758,0.3231211165136664
759,0.31717053292257763
760,0.3662628475490593
761,0.34469198203136286
762,0.3733291655634769
763,0.28493820513751417
764,0.3188706996628886
765,0.41386751627776835
766,0.40866075563556575
767,0.36296877448970644
768,0.42428103756217356
769,0.4250248605110596
770,0.4808115816775157
771,0.5313915422017693
772,0.5105644996329589
773,0.49048128001303476
774,0.4960599521296805
775,0.5090768537351869
776,0.5299038963039971
777,0.4968569052892013
778,0.4960599521296805
779,0.5943685518741243
780,0.5103165586499971
781,0.5574253454127822
782,0.5075892078374148
783,0.4536620440431738
784,0.5410612405372884
785,0.4324630899999205
786,0.4209338342921863
787,0.34729536235246417
788,0.39043709338785676
789,0.41280491206507414
790,0.344691982031363
791,0.3394852213891602
792,0.39899105730004664
793,0.32620266873048026
794,0.25245793636948877
795,0.24438214435301123
796,0.24799499867617228
797,0.2978311362515396
798,0.33725375254250195
799,0.27328497893829895
800,0.2747726248360712
801,0.28816143791602056
802,0.2792355625293875
803,0.3429386850804171
804,0.3443732007675546
805,0.3209959080882778
806,0.25766469701169126
807,0.2598961658583495
808,0.25766469701169137
809,0.26733439534721043
810,0.22642413315847593
811,0.22270501841404547
812,0.28146703137604606
813,0.2903929067626788
814,0.27254115598941286
815,0.2796606042144654
816,0.29262437560933724
817,0.3104761263826032
818,0.3737010770379199
819,0.40494164089113527
820,0.44213278833543956
821,0.37221343114014793
822,0.3796516606290085
823,0.3908090048622999
824,0.3565931492135401
825,0.3863460671689836
826,0.45105866372207265
827,0.42502486051105987
828,0.3848584212712113
829,0.30835091795721414
830,0.2866737920182485
831,0.23386236264733667
832,0.310476126382603
833,0.3231211165136667
834,0.32907170010475534
835,0.3565931492135404
836,0.2918805526604512
837,0.2763665311551129
838,0.2942182819283789
839,0.2836985002227042
840,0.2747726248360711
841,0.2985749592004258
842,0.3149390640759195
843,0.43246308999992067
844,0.46444747680202214
845,0.4793239357797437
846,0.47114188334199664
847,0.46370365385313583
848,0.49717568655300953
849,0.48229922757528787
850,0.32535258536032485
851,0.23906912328953936
852,0.20634091353855155
853,0.2539455822672608
854,0.2881614379160205
855,0.26361528060277994
856,0.1792445061148445
857,0.25840851996057734
858,0.3357661066447298
859,0.38411459832232514
860,0.35882461806019855
861,0.2896490838137928
862,0.2933681985582231
863,0.24076929002985026
864,0.30266598541929923
865,0.2360938314939949
866,0.381883129475667
867,0.3543616803668821
868,0.32312111651366654
869,0.2747726248360712
870,0.2993187821493119
871,0.3260964083092107
872,0.39824723435116083
873,0.3336408982193409
874,0.29559966740488136
875,0.25925860333073286
876,0.29336819855822327
877,0.29485584445599533
878,0.24873882162505828
879,0.2792355625293878
880,0.27997938547827383
881,0.22939942495402021
882,0.28369850022270404
883,0.30675701163817254
884,0.2643591035516659
885,0.24927012373140556
886,0.26669683281959367
887,0.25580513963947604
888,0.26324336912833696
889,0.2514661724376406
890,0.2301432479029063
891,0.2863018805438054
892,0.20299371026856425
893,0.20485326764077946
894,0.3305593460025272
895,0.3208896476670081
896,0.33576610664472994
897,0.3766763688334644
898,0.3617999098557427
899,0.310476126382603
900,0.2829546772738179
901,0.364031378702401
902,0.22716795610736207
903,0.16840594314536156
904,0.21898590366961507
905,0.29336819855822316
906,0.27179733304052694
907,0.32237729356478056
908,0.19964650699857708
909,0.20049659036873266
910,0.2502264675228306
911,0.2502264675228306
912,0.2622338951262773
913,0.30080642804708396
914,0.26584674944943804
915,0.25840851996057745
916,0.294962104877265
917,0.2852924065417458
918,0.37221343114014793
919,0.41535516217554064
920,0.3350222836958439
921,0.4400075799100508
922,0.4518024866709586
923,0.4094045785844522
924,0.40866075563556603
925,0.3067570116381727
926,0.36870683723825626
927,0.29336819855822305
928,0.27849173958050166
929,0.24650735277839997
930,0.21452296597629855
931,0.23460618559622276
932,0.32386493946255257
933,0.3052693657404006
934,0.32684023125809686
935,0.29336819855822316
936,0.34394815908247667
937,0.3607373056430483
938,0.3156828870248058
939,0.28518614612047644
940,0.19964650699857708
941,0.21377914302741255
942,0.17733181853199464
943,0.217498257771843
944,0.22196119546515947
945,0.3231211165136664
946,0.3417166902358184
947,0.3067570116381727
948,0.3617999098557427
949,0.3491549197246793
950,0.3528740344691096
951,0.3342784607469576
952,0.3491549197246793
953,0.3781640147312365
954,0.3900651819134139
955,0.39675958845338866
956,0.42651250640883204
957,0.38783371306675557
958,0.4971756865530097
959,0.43618220474435093
960,0.3908090048622999
961,0.49717568655300953
962,0.5291600733551112
963,0.5194903750195922
964,0.4681665915464526
965,0.4410170539121107
966,0.5109895413180369
967,0.4187554956561627
968,0.4485084136116059
969,0.46487251848709976
970,0.3321532523215689
971,0.31387645986322493
972,0.3372537525425018
973,0.3231211165136664
974,0.3082446575359447
975,0.363287555753515
976,0.2807232084271598
977,0.3067570116381727
978,0.30973230343371705
979,0.3458608466653266
980,0.3235461581987443
981,0.3469234508780212
982,0.2985749592004257
983,0.3469234508780212
984,0.31419524112703345
985,0.3253525853603247
986,0.25840851996057745
987,0.2417256338212753
988,0.31940200176923594
989,0.2836985002227041
990,0.30155025099597005
991,0.24799499867617206
992,0.2747726248360711
993,0.29485584445599544
994,0.300806428047084
995,0.346923450878021
996,0.29113672971156496
997,0.34171669023581885
998,0.37295725408903424
999,0.3186581788203499
1000,0.28072320842716
1001,0.24799499867617222
1002,0.2980436570940786
1003,0.27796043747415444
1004,0.354574201209421
1005,0.3476672738269073
1006,0.2673343953472105
1007,0.3729572540890341
1008,0.30155025099597016
1009,0.2689283016662521
1010,0.2489513424675971
1011,0.25989616585834974
1012,0.23720956591732406
1013,0.17398461526200718
1014,0.27944808337192656
1015,0.1260080350588549
1016,0.12398908705473556
1017,0.1667589066156853
1018,0.22010163809294422
1019,0.2606399888072358
1020,0.35287403446910975
1021,0.35255525320530157
1022,0.3751887229356922
1023,0.441070184122745
1024,0.3759325458845782
1025,0.2874176149671346
1026,0.2859299690693624
1027,0.26627179113451604
1028,0.32684023125809686
1029,0.2350312272813007
1030,0.24353206098285582
1031,0.24501970688062813
1032,0.3335346377980718
1033,0.3417166902358185
1034,0.26361528060277994
1035,0.38783371306675546
1036,0.40122252614670495
1037,0.42279339166440144
1038,0.4633848725893275
1039,0.4146113392266545
1040,0.28444232317159013
1041,0.29039290676267887
1042,0.30920100132736983
1043,0.31642670997369166
1044,0.35436168036688176
1045,0.36031226395797056
1046,0.39899105730004697
1047,0.37890783768012254
1048,0.3038879802638978
1049,0.28964908381379295
1050,0.3093603919592742
1051,0.27068159861719765
1052,0.2896490838137927
1053,0.33427846074695744
1054,0.3379975754913879
1055,0.37965166062900885
1056,0.3625437328046288
1057,0.37072578524237576
1058,0.3409728672869324
1059,0.3289654396834859
1060,0.2551144469012247
1061,0.3830519941096311
1062,0.2365188731790727
1063,0.1609677136565008
1064,0.18551387096974148
1065,0.24055676918731145
1066,0.26404032228785773
1067,0.23386236264733667
1068,0.2770040936827295
1069,0.3067570116381727
1070,0.2308870708517923
1071,0.19093315245448284
1072,0.24076929002985017
1073,0.26510292650055195
1074,0.23535000854510885
1075,0.24650735277839997
1076,0.2673343953472102
1077,0.23683765444288082
1078,0.28369850022270393
1079,0.35138638857133764
1080,0.36179990985574284
1081,0.41779915186473776
1082,0.4272563293577179
1083,0.3171705329225778
1084,0.2777479166316155
1085,0.25511444690122476
1086,0.1450286504660846
1087,0.20187797584523523
1088,0.1081562842855889
1089,0.11708215967222182
1090,0.14757890057655126
1091,0.11224731050446245
1092,0.1409376242472113
1093,0.1910925430863871
1094,0.21638252334851393
1095,0.25118281131425546
1096,0.27997938547827383
1097,0.3208896476670082
1098,0.3190300902947928
1099,0.29039290676267887
1100,0.26106503049231344
1101,0.23163089380067853
1102,0.282210854324932
1103,0.35064256562245144
1104,0.3267339708368274
1105,0.2682907391386354
1106,0.27254115598941314
1107,0.2651029265005522
1108,0.24172563382127515
1109,0.24650735277840022
1110,0.20410944469189338
1111,0.2296119457965591
1112,0.26361528060277994
1113,0.33991026307423816
1114,0.2628714576538939
1115,0.25862104080311615
1116,0.23747521697049773
1117,0.22366136220547042
1118,0.19858390278588264
1119,0.22908064369021178
1120,0.263987192077223
1121,0.21101637207440704
1122,0.26722813492594094
1123,0.2850444655587838
1124,0.3384934574573123
1125,0.3101042149081602
1126,0.27328497893829906
1127,0.30378171984262825
1128,0.33799757549138826
1129,0.2502264675228306
1130,0.23609383149399507
1131,0.1998590278411159
1132,0.19752129857318818
1133,0.18328240212308308
1134,0.15985197923317165
1135,0.23906912328953922
1136,0.24671987362093872
1137,0.21101637207440696
1138,0.2874176149671346
1139,0.29857495920042587
1140,0.27105351009164064
1141,0.2576646970116914
1142,0.37890783768012254
1143,0.34617962792913487
1144,0.34543580498024884
1145,0.24278823803396968
1146,0.2308870708517924
1147,0.2926243756093372
1148,0.2301432479029063
1149,0.26361528060277994
1150,0.264359103551666
1151,0.3495799614097571
1152,0.3469234508780212
1153,0.38560224422009715
1154,0.4227933916644011
1155,0.3692381393446034
1156,0.26063998880723577
1157,0.3179143558714636
1158,0.2688220412449826
1159,0.24873882162505845
1160,0.262127634705008
1161,0.25692087406280534
1162,0.2586210408031163
1163,0.3302405647387191
1164,0.2965560111963065
1165,0.2970873133026538
1166,0.30080642804708413
1167,0.2588335616456553
1168,0.23832530034065322
1169,0.2554332281650332
1170,0.20049659036873257
1171,0.20899742407028787
1172,0.1874265585525914
1173,0.2145229659762986
1174,0.2427882380339695
1175,0.1465162963638569
1176,0.20559709058966555
1177,0.21154767418075432
1178,0.28518614612047627
1179,0.2809357292696986
1180,0.24501970688062782
1181,0.24353206098285568
1182,0.31419524112703334
1183,0.2985749592004257
1184,0.3156828870248056
1185,0.33576610664472994
1186,0.36520024333636475
1187,0.2569208740628053
1188,0.2286556020051342
1189,0.23460618559622284
1190,0.22642413315847584
1191,0.23237471674956453
1192,0.22270501841404547
1193,0.28741761496713447
1194,0.28146703137604606
1195,0.3394852213891602
1196,0.33055934600252734
1197,0.33799757549138837
1198,0.39420933834292216
1199,0.41131726616730196
1200,0.43628846516562053
1201,0.40494164089113543
1202,0.41461133922665466
1203,0.3900651819134139
1204,0.3993629687744897
1205,0.33098438768760496
1206,0.359249659745276
1207,0.3699819622934896
1208,0.31536410576099744
1209,0.31717053292257763
1210,0.401966349095591
1211,0.41609898512442667
1212,0.40866075563556575
1213,0.26882204124498243
1214,0.2829546772738181
1215,0.27254115598941303
1216,0.329071700104755
1217,0.33874139844027423
1218,0.3900651819134136
1219,0.36998196229348973
1220,0.36573154544271197
1221,0.36031226395797067
1222,0.2690345620875214
1223,0.24300075887650865
1224,0.21526678892518478
1225,0.3521302115202238
1226,0.23535000854510885
1227,0.30920100132736966
1228,0.2496951654164834
1229,0.29230559434552894
1230,0.28061694800589054
1231,0.3129201160718003
1232,0.3491549197246793
1233,0.32684023125809686
1234,0.3699819622934896
1235,0.3922966507600719
1236,0.4778362898819714
1237,0.44213278833543973
1238,0.3342784607469578
1239,0.40866075563556575
1240,0.4027101720444771
1241,0.36328755575351485
1242,0.3558493262646541
1243,0.3759325458845782
1244,0.37816401473123634
1245,0.4123798703799962
1246,0.25676148343090094
1247,0.33688184106805863
1248,0.3298686532642758
1249,0.3392372804061981
1250,0.41981809986885693
1251,0.40122252614670495
1252,0.42353721461328725
1253,0.3714696081912616
1254,0.3751887229356922
1255,0.41609898512442667
1256,0.4889936341152626
1257,0.4198180998688568
1258,0.40308208351891994
1259,0.40866075563556575
1260,0.36105608690685653
1261,0.4146113392266545
1262,0.3268402312580967
1263,0.4079169326866797
1264,0.4547777784665028
1265,0.4964318636041234
1266,0.500150978348554
1267,0.5611444601572125
1268,0.6652796730012639
1269,0.6466840992791117
1270,0.6593290894101753
1271,0.6258570567103016
1272,0.582715325674909
1273,0.48718720695368206
1274,0.5541312723534294
1275,0.5095018954202647
1276,0.5886659092659976
1277,0.6080053059370356
1278,0.6861067155700742
1279,0.5462680011794907
1280,0.6057738370903776
1281,0.5425488864350604
1282,0.5202341979684781
1283,0.4889936341152625
1284,0.46110027353203453
1285,0.37146960819126174
1286,0.38262695242455297
1287,0.39867227603623845
1288,0.40387903667844105
1289,0.34288555486978234
1290,0.31090116806768064
1291,0.26478414523674365
1292,0.2807232084271598
1293,0.27498514567861015
1294,0.35138638857133764
1295,0.4433016529694035
1296,0.4480833719265282
1297,0.4116360474311102
1298,0.41280491206507397
1299,0.35064256562245144
1300,0.28635501075444014
1301,0.2874176149671346
1302,0.29485584445599533
1303,0.31568288702480546
1304,0.23173715422194785
1305,0.32609640830921055
1306,0.364031378702401
1307,0.3347035024320352
1308,0.29634349035376734
1309,0.28826769833729005
1310,0.2784917395805015
1311,0.2346061855962226
1312,0.22243936736087194
1313,0.18960489718861495
1314,0.19858390278588264
1315,0.1951835693052604
1316,0.20336562174300732
1317,0.17286888083867802
1318,0.1665995159837812
1319,0.1498103694232094
1320,0.16989358904313365
1321,0.17807564148088065
1322,0.24204441508508368
1323,0.24055676918731136
1324,0.2636152806027799
1325,0.21675443482295675
1326,0.257345915747883
1327,0.2770040936827291
1328,0.3565931492135401
1329,0.39160595802182085
1330,0.3952719425556164
1331,0.37890783768012254
1332,0.3559555866859235
1333,0.3704070039785674
1334,0.3842208587435945
1335,0.41609898512442667
1336,0.40122252614670495
1337,0.3201458247181221
1338,0.30750083458705874
1339,0.42428103756217356
1340,0.3305593460025272
1341,0.3223772935647804
1342,0.3856022442200973
1343,0.28890526086490687
1344,0.2502264675228305
1345,0.27997938547827367
1346,0.277429135367807
1347,0.3194020017692361
1348,0.36626284754905913
1349,0.29485584445599544
1350,0.3067570116381724
1351,0.3766763688334642
1352,0.4346945588465788
1353,0.40866075563556586
1354,0.3625437328046287
1355,0.37370107703792005
1356,0.3692381393446034
1357,0.3863460671689833
1358,0.44585190307987
1359,0.47858011283085755
1360,0.5325604068357332
1361,0.48006775872862983
1362,0.45222752835603625
1363,0.3049505844765922
1364,0.26850325998117436
1365,0.28412354190778205
1366,0.22738047694990096
1367,0.21154767418075424
1368,0.2070847364874377
1369,0.25670835322026625
1370,0.282742156431279
1371,0.33874139844027407
1372,0.38783371306675557
1373,0.3893213589645276
1374,0.28518614612047644
1375,0.2703096871427547
1376,0.2719035934617964
1377,0.30080642804708413
1378,0.3666878892341371
1379,0.310901168067681
1380,0.35032378435864325
1381,0.2558582698501107
1382,0.29336819855822327
1383,0.2301432479029063
1384,0.24650735277840005
1385,0.302294073944856
1386,0.2985749592004258
1387,0.34511702371644065
1388,0.311219949331489
1389,0.3045255427915144
1390,0.28221085432493204
1391,0.31419524112703334
1392,0.27328497893829906
1393,0.31940200176923594
1394,0.3216334706158941
1395,0.31791435587146377
1396,0.28146703137604606
1397,0.2911367297115651
1398,0.236093831493995
1399,0.33204699190029946
1400,0.28518614612047627
1401,0.24055676918731153
1402,0.2665905723983243
1403,0.2911367297115652
1404,0.3141952411270336
1405,0.23609383149399507
1406,0.3350222836958438
1407,0.2866737920182485
1408,0.3045255427915144
1409,0.3394852213891604
1410,0.3781640147312365
1411,0.2970873133026537
1412,0.2613838117561219
1413,0.21898590366961498
1414,0.1945460067776439
1415,0.2060929725555896
1416,0.2554332281650331
1417,0.2561770511139192
1418,0.32832787715586914
1419,0.21229149712964038
1420,0.2353500085451089
1421,0.25617705111391903
1422,0.26882204124498243
1423,0.2695658641938687
1424,0.29347445897949265
1425,0.3269464916793663
1426,0.2985749592004257
1427,0.3521302115202236
1428,0.32875291884094665
1429,0.22854934158386467
1430,0.2435320609828556
1431,0.201134152896349
1432,0.1926333191947938
1433,0.24204441508508345
1434,0.34543580498024884
1435,0.35510550331576807
1436,0.39155282781118605
1437,0.4041978179422493
1438,0.3989910573000468
1439,0.46444747680202203
1440,0.4163115059669655
1441,0.3793328793652003
1442,0.34479824245263224
1443,0.3365099295936159
1444,0.3565931492135401
1445,0.39973488024893294
1446,0.43692602769323696
1447,0.3699819622934896
1448,0.3015502509959701
1449,0.33576610664472994
1450,0.3402290443380464
1451,0.27849173958050155
1452,0.319154060786274
1453,0.36750255246386937
1454,0.3670066704979453
1455,0.36775049344683114
1456,0.3850709421137501
1457,0.4006912240403576
1458,0.294537063192187
1459,0.2883739587585597
1460,0.34134477876137537
1461,0.3127075952292615
1462,0.38374268684788215
1463,0.3793328793652003
1464,0.3704070039785674
1465,0.3536178574179959
1466,0.3670066704979453
1467,0.36589093607461615
1468,0.30601318868928673
1469,0.3432043361335907
1470,0.37890783768012265
1471,0.2680782182960964
1472,0.32609640830921055
1473,0.30675701163817254
1474,0.3969721092959273
1475,0.37816401473123634
1476,0.43841367359100897
1477,0.3342784607469576
1478,0.31717053292257746
1479,0.3119637722803752
1480,0.3635000765960538
1481,0.41014840153333787
1482,0.32981552305364115
1483,0.3622249515408206
1484,0.36668788923413675
1485,0.34283242465914754
1486,0.34072492630397044
1487,0.3295675820706792
1488,0.30725289360409674
1489,0.29745922477709663
1490,0.23875034202573092
1491,0.2866737920182485
1492,0.32981552305364104
1493,0.41535516217554047
1494,0.49345657180857905
1495,0.5685826896460733
1496,0.5031262701440982
1497,0.5499871159239214
1498,0.6057738370903776
1499,0.6094929518348081
1500,0.5931288469593141
1501,0.5351106569461996
1502,0.48304305052417384
1503,0.46444747680202186
1504,0.4681665915464523
1505,0.4458519030798697
1506,0.49568804065523736
1507,0.5462680011794909
1508,0.5455241782306048
1509,0.522890708500214
1510,0.4845306964219461
1511,0.5165150832240477
1512,0.45966575784489716
1513,0.4760298627203909
1514,0.4845306964219461
1515,0.49196892591080693
1516,0.5120521455307311
1517,0.602054722345947
1518,0.5529624077194658
1519,0.48229922757528787
1520,0.5232094897640225
1521,0.45924071615981954
1522,0.5090768537351869
1523,0.46444747680202186
1524,0.5008948012974401
1525,0.5514747618216935
1526,0.5169401249091254
1527,0.5016386242463261
1528,0.5194903750195922
1529,0.5306477192528832
1530,0.5239533127129085
1531,0.5340480527335053
1532,0.5328791880995415
1533,0.5328791880995415
1534,0.5778804765071496
1535,0.5589129913105544
1536,0.555193876566124
1537,0.555193876566124
1538,0.5291600733551111
1539,0.46816659154645246
1540,0.5113083225818451
1541,0.51800272912182
1542,0.4808115816775157
1543,0.481555404626402
1544,0.4547777784665029
1545,0.4882498111663766
1546,0.42874397525548985
1547,0.40196634909559115
1548,0.39155282781118605
1549,0.38262695242455314
1550,0.4741171751375411
1551,0.5120521455307312
1552,0.482299227575288
1553,0.40866075563556586
1554,0.4681665915464526
1555,0.4458519030798699
1556,0.5239533127129085
1557,0.4793239357797435
1558,0.5202341979684781
1559,0.6057738370903775
1560,0.5537062306683518
1561,0.5098206766840729
1562,0.5499871159239214
1563,0.548924511711227
1564,0.6195876918554046
1565,0.6419023803219872
1566,0.5823965444111007
1567,0.5127959684796174
1568,0.5049858275163135
1569,0.5266098232446446
1570,0.5871782633682253
1571,0.5094487652096299
1572,0.5311436012188072
1573,0.46115340374266917
1574,0.5057827806758343
1575,0.40642928678890744
1576,0.37630445735902124
1577,0.34702971129929056
1578,0.4600907995299751
1579,0.4217307874517069
1580,0.5083330307863008
1581,0.5105644996329589
1582,0.4681665915464523
1583,0.44808337192652803
1584,0.49196892591080693
1585,0.5028074888802899
1586,0.4369260276932368
1587,0.484530696421946
1588,0.520234197968478
1589,0.47231074797596057
1590,0.483043050524174
1591,0.4272563293577179
1592,0.4213057457666291
1593,0.4123798703799962
1594,0.43990131948878125
1595,0.41609898512442667
1596,0.3417166902358184
1597,0.3617999098557425
1598,0.35064256562245133
1599,0.40866075563556575
1600,0.43023162115326236
1601,0.4584968932109334
1602,0.46965423744422463
1603,0.3997348802489331
1604,0.3156828870248056
1605,0.3484110967757933
1606,0.36031226395797056
1607,0.4016475678317829
1608,0.3320469919002996
1609,0.29931878214931174
1610,0.2606399888072356
1611,0.28040442716335157
1612,0.38188312947566716
1613,0.3473484925630988
1614,0.2908179484477566
1615,0.25575200942884135
1616,0.18907359508226776
1617,0.3156828870248056
1618,0.28667379201824844
1619,0.25989616585834957
1620,0.3729572540890341
1621,0.46444747680202203
1622,0.4547777784665029
1623,0.4198180998688571
1624,0.3838666573393632
1625,0.36179990985574284
1626,0.4056854638400214
1627,0.3223772935647804
1628,0.3945281196067305
1629,0.38708989011786943
1630,0.3313031689514135
1631,0.3357661066447301
1632,0.3528740344691099
1633,0.2985749592004259
1634,0.2323747167495646
1635,0.25617705111391914
1636,0.37890783768012254
1637,0.3477735342481767
1638,0.3263089291517497
1639,0.2727536768319518
1640,0.25617705111391914
1641,0.16628073471997273
1642,0.14343474414704319
1643,0.16787464103901437
1644,0.24353206098285582
1645,0.23163089380067853
1646,0.2383253003406533
1647,0.26212763470500783
1648,0.2933681985582233
1649,0.3299217834749106
1650,0.36886622787016043
1651,0.4570092473131612
1652,0.3751887229356922
1653,0.34766727382690715
1654,0.4616847058490165
1655,0.5025949680377513
1656,0.5239533127129086
1657,0.5239533127129086
1658,0.4750735189289659
1659,0.3917653486537247
1660,0.4259812043024847
1661,0.4311879649446873
1662,0.4570092473131611
1663,0.5150274373262755
1664,0.484530696421946
1665,0.4495710178243003
1666,0.37890783768012265
1667,0.3952719425556162
1668,0.4421327883354394
1669,0.4547777784665029
1670,0.4324630899999205
1671,0.42428103756217356
1672,0.4235372146132874
1673,0.4867621652686046
1674,0.46295983090425
1675,0.5596568142594406
1676,0.5447803552817189
1677,0.4733733521886548
1678,0.43990131948878125
1679,0.40866075563556575
1680,0.5328791880995415
1681,0.5574253454127822
1682,0.5340480527335054
1683,0.5611444601572125
1684,0.4894186758003404
1685,0.47231074797596073
1686,0.4182241935498154
1687,0.4927127488596931
1688,0.5648635749016431
1689,0.6541223287679728
1690,0.600567076448175
1691,0.5538833313704676
1692,0.5734706690244679
1693,0.6225098534403146
1694,0.6764370172345554
1695,0.5834591486237952
1696,0.6094929518348079
1697,0.571557981441618
1698,0.4904812800130349
1699,0.5343668339973137
1700,0.5206592396535558
1701,0.5343668339973137
1702,0.5678388666971876
1703,0.5812276797771369
1704,0.6020547223459474
1705,0.6035423682437193
1706,0.5775085650327064
1707,0.5440365323328326
1708,0.5923850240104279
1709,0.5752770961860479
1710,0.5504121576089993
1711,0.6047112328776831
1712,0.5935538886443918
1713,0.5016386242463259
1714,0.44255783002051735
1715,0.42842519399168183
1716,0.4270438085151791
1717,0.5020105357207691
1718,0.5410612405372885
1719,0.5046139160418703
1720,0.5083330307863005
1721,0.5626321060549846
1722,0.5890378207404406
1723,0.5447803552817189
1724,0.5373421257928581
1725,0.5441427927541022
1726,0.5708141584927316
1727,0.510564499632959
1728,0.49940715539966785
1729,0.43171926705103447
1730,0.4607283620575917
1731,0.4495710178243005
1732,0.3997348802489331
1733,0.42130574576662927
1734,0.45849689321093323
1735,0.387939973488025
1736,0.4187554956561626
1737,0.3764284278505023
1738,0.3666878892341369
1739,0.32684023125809686
1740,0.3194020017692361
1741,0.34915491972467916
1742,0.36031226395797056
1743,0.481555404626402
1744,0.48676216526860444
1745,0.44957101782430015
1746,0.5053577389907564
1747,0.4532901325687308
1748,0.4361822047443508
1749,0.3766763688334642
1750,0.46965423744422463
1751,0.44882719487541434
1752,0.33576610664472994
1753,0.31791435587146377
1754,0.38634606716898345
1755,0.4123798703799962
1756,0.4324630899999205
1757,0.4346945588465789
1758,0.5447803552817188
1759,0.5388297716906303
1760,0.5165150832240477
1761,0.4718857062908828
1762,0.5090768537351869
1763,0.5574253454127821
1764,0.5351106569461995
1765,0.5492432929750352
1766,0.5053577389907563
1767,0.4622160079553639
1768,0.5313915422017693
1769,0.4622160079553639
1770,0.484530696421946
1771,0.45849689321093307
1772,0.46444747680202203
1773,0.42874397525549035
1774,0.4607283620575919
1775,0.4004787031978188
1776,0.47858011283085755
1777,0.4227933916644013
1778,0.4659351226997943
1779,0.5589129913105544
1780,0.6042861911926053
1781,0.5261847815595667
1782,0.5410612405372884
1783,0.5117333642669228
1784,0.4916501446469987
1785,0.4968569052892012
1786,0.4767736856692772
1787,0.558594210046746
1788,0.5284162504062249
1789,0.46593512269979415
1790,0.5388297716906303
1791,0.44436425718209815
1792,0.4904812800130351
1793,0.4510586637220725
1794,0.4452143405522533
1795,0.4741171751375409
1796,0.48017401914989893
1797,0.3900651819134137
1798,0.33884765886154367
1799,0.3671129309192147
1800,0.3617999098557427
1801,0.36222495154082046
1802,0.34437320076755445
1803,0.31121994933148917
1804,0.2918805526604512
1805,0.2546894052161471
1806,0.2747726248360712
1807,0.30080642804708396
1808,0.3766763688334644
1809,0.4101484015333382
1810,0.3327908148491856
1811,0.35436168036688176
1812,0.3008064280470842
1813,0.2770040936827293
1814,0.29708731330265364
1815,0.20559709058966555
1816,0.3022940739448562
1817,0.42353721461328775
1818,0.4584968932109334
1819,0.3863460671689836
1820,0.2703096871427547
1821,0.24576352982951422
1822,0.3432043361335907
1823,0.31121994933148917
1824,0.3171705329225778
1825,0.364031378702401
1826,0.37146960819126174
1827,0.427256329357718
1828,0.3915528278111859
1829,0.40866075563556603
1830,0.36031226395797056
1831,0.36328755575351485
1832,0.3893213589645276
1833,0.41163604743111004
1834,0.45148370540715027
1835,0.5057827806758343
1836,0.4938284832830221
1837,0.5072172963629716
1838,0.47597673250975625
1839,0.4656871817168322
1840,0.45254630961984466
1841,0.4280001523066039
1842,0.3945281196067305
1843,0.3610560869068567
1844,0.4123798703799962
1845,0.3617999098557425
1846,0.37890783768012254
1847,0.401966349095591
1848,0.4079169326866797
1849,0.34246051318470455
1850,0.3759325458845782
1851,0.41652402680950446
1852,0.40196634909559115
1853,0.465191299750908
1854,0.5001509783485538
1855,0.5165150832240478
1856,0.4614721850064776
1857,0.42056192281774313
1858,0.42428103756217356
1859,0.4522602238702731
1860,0.40047870319781914
1861,0.4894186758003404
1862,0.46965423744422463
1863,0.527672427457339
1864,0.5313915422017693
1865,0.4272563293577179
1866,0.4146113392266545
1867,0.42204956871551524
1868,0.35064256562245144
1869,0.3565931492135401
1870,0.4227933916644013
1871,0.5998232534992889
1872,0.5318165838868472
1873,0.5522185847705795
1874,0.4904812800130349
1875,0.4666789456486803
1876,0.47337335218865495
1877,0.5165150832240477
1878,0.4756048210353132
1879,0.49462543644254287
1880,0.4733733521886548
1881,0.5157712602751615
1882,0.5923850240104279
1883,0.5923850240104281
1884,0.5504121576089993
1885,0.5388297716906303
1886,0.5053577389907564
1887,0.4731254112056931
1888,0.4545298374835408
1889,0.45073988245826413
1890,0.45924071615981926
1891,0.483043050524174
1892,0.5797400338793646
1893,0.5340480527335053
1894,0.5638009706889486
1895,0.5648635749016429
1896,0.5127959684796172
1897,0.49420039475746524
1898,0.4979195095018957
1899,0.46444747680202214
1900,0.4532901325687308
1901,0.4547777784665029
1902,0.4064292867889076
1903,0.400478703197819
1904,0.37072578524237576
1905,0.44510808013098385
1906,0.4830430505241742
1907,0.4830430505241742
1908,0.4510586637220725
1909,0.4495710178243003
1910,0.4198180998688571
1911,0.4570092473131612
1912,0.4793239357797437
1913,0.547755647077263
1914,0.5351106569461996
1915,0.5574253454127821
1916,0.5983356076015165
1917,0.6318076403013902
1918,0.5946164928570863
1919,0.5611444601572125
1920,0.5574253454127821
1921,0.5492432929750354
1922,0.5961041387548583
1923,0.5068453848885285
1924,0.46742276859756615
1925,0.502382447195212
1926,0.5266806635254906
1927,0.5269286045084527
1928,0.520234197968478
1929,0.48304305052417384
1930,0.4555216014153888
1931,0.43692602769323696
1932,0.42056192281774313
1933,0.41014840153333787
1934,0.4001599219340106
1935,0.4904812800130349
1936,0.4150363809117323
1937,0.43618220474435093
1938,0.3409728672869324
1939,0.41535516217554064
1940,0.47486099808642723
1941,0.4287439752554902
1942,0.34097286728693255
1943,0.3201458247181224
1944,0.41758663102219895
1945,0.5194903750195919
1946,0.5046139160418704
1947,0.41237987037999635
1948,0.3766763688334644
1949,0.39899105730004664
1950,0.46370365385313583
1951,0.4480833719265283
1952,0.45998453910870557
1953,0.44733954897764217
1954,0.48601834231971847
1955,0.49048128001303476
1956,0.4421327883354394
1957,0.510564499632959
1958,0.5232094897640225
1959,0.4934565718085792
1960,0.49940715539966785
1961,0.4339507358976926
1962,0.39675958845338866
1963,0.3833707753734391
1964,0.3320469919002993
1965,0.46221600795536355
1966,0.4622160079553639
1967,0.46593512269979415
1968,0.4235372146132874
1969,0.36031226395797067
1970,0.30973230343371705
1971,0.400478703197819
1972,0.3677504934468315
1973,0.3895338798070667
1974,0.38411459832232514
1975,0.3870898901178696
1976,0.49717568655300953
1977,0.4912251029619209
1978,0.46072836205759155
1979,0.40653554721017715
1980,0.3960157655045027
1981,0.4064292867889076
1982,0.4377761110633925
1983,0.51800272912182
1984,0.573789450288276
1985,0.5641197519527568
1986,0.5388297716906301
1987,0.5343668339973138
1988,0.4882498111663766
1989,0.48601834231971847
1990,0.5038700930929845
1991,0.48824981116637645
1992,0.5031262701440983
1993,0.5604006372083264
1994,0.5165150832240477
1995,0.5068453848885287
1996,0.5529624077194657
1997,0.4346945588465789
1998,0.5351106569461996
1999,0.5484994700261492
2000,0.5180027291218198
2001,0.5011073221399788
2002,0.4988758532933205
2003,0.48994997790668743
2004,0.46657268522741074
2005,0.50089480129744
2006,0.5432927093839466
2007,0.5916412010615419
2008,0.5546625744597766
2009,0.4748609980864269
2010,0.46742276859756615
2011,0.48824981116637645
2012,0.46593512269979415
2013,0.5365983028439719
2014,0.5923850240104279
2015,0.5224656668151364
2016,0.5113083225818452
2017,0.43841367359100897
2018,0.42204956871551524
2019,0.4674227685975663
2020,0.42130574576662927
2021,0.499407155399668
2022,0.5313915422017692
2023,0.4611534037426695
2024,0.41322995375015176
2025,0.3384226171764659
2026,0.3478797946694463
2027,0.3945281196067302
2028,0.2717973330405269
2029,0.346179627929135
2030,0.28741761496713447
2031,0.28816143791602056
2032,0.31791435587146394
2033,0.36031226395797056
2034,0.4187554956561626
2035,0.41280491206507397
2036,0.4495710178243003
2037,0.47337335218865495
2038,0.5142836143773893
2039,0.5075892078374148
2040,0.4622160079553637
2041,0.47783628988197124
2042,0.49196892591080693
2043,0.4956880406552375
2044,0.5447803552817189
2045,0.5574253454127821
2046,0.5894097322148836
2047,0.5983356076015167
2048,0.5068453848885286
2049,0.46965423744422446
2050,0.47560482103531293
2051,0.5053577389907564
2052,0.46444747680202186
2053,0.46444747680202203
2054,0.44882719487541434
2055,0.345435804980249
2056,0.381883129475667
2057,0.43735106937831486
2058,0.4219433082942457
2059,0.49738820739554834
2060,0.4443642571820979
2061,0.4767205554586422
2062,0.5023824471952123
2063,0.47634864398419924
2064,0.4310817045234179
2065,0.4071731097377936
2066,0.3737010770379199
2067,0.3707257852423756
2068,0.3670066704979453
2069,0.34543580498024884
2070,0.3781640147312365
2071,0.33109064810887434
2072,0.40058496361908824
2073,0.43097544410214816
2074,0.47114188334199647
2075,0.4205619228177428
2076,0.4242810375621734
2077,0.4168428080733128
2078,0.381883129475667
2079,0.36179990985574284
2080,0.2912429901328343
2081,0.36626284754905913
2082,0.37742019178235037
2083,0.3766763688334644
2084,0.40494164089113543
2085,0.363287555753515
2086,0.33374715864061044
2087,0.264359103551666
2088,0.3082446575359449
2089,0.29974382383438963
2090,0.3551055033157678
2091,0.34022904433804624
2092,0.3299217834749106
2093,0.29443080277091754
2094,0.2628714576538939
2095,0.364031378702401
2096,0.43543838179546496
2097,0.42948779820437616
2098,0.4480833719265282
2099,0.43246308999992034
2100,0.4718857062908828
2101,0.4116360474311102
2102,0.4198180998688571
2103,0.4599845391087054
2104,0.48155540462640184
2105,0.44585190307987
2106,0.4749672585076968
2107,0.4622160079553639
2108,0.3818831294756668
2109,0.41981809986885693
2110,0.47241700839722994
2111,0.4569029868918917
2112,0.5191715937557836
2113,0.5127959684796172
2114,0.6061988787754552
2115,0.5537062306683518
2116,0.6295761714547321
2117,0.5369702143184149
2118,0.5533874494045433
2119,0.5095018954202646
2120,0.4554153409941197
2121,0.4044103387847881
2122,0.42130574576662927
2123,0.48577040133675636
2124,0.43543838179546446
2125,0.46784781028264394
2126,0.4740109147162715
2127,0.4866559048473349
2128,0.5455241782306047
2129,0.5998232534992889
2130,0.555193876566124
2131,0.5589129913105543
2132,0.5961041387548586
2133,0.6444526304324536
2134,0.6518908599213146
2135,0.590897378112656
2136,0.5886659092659976
2137,0.6808999549278716
2138,0.5786774296666701
2139,0.5957853574910502
2140,0.5797400338793647
2141,0.5940851907507391
2142,0.5063140827821813
2143,0.5596568142594404
2144,0.6742055483878969
2145,0.6132120665792382
2146,0.5708141584927315
2147,0.5365983028439717
2148,0.5117333642669227
2149,0.5117333642669228
2150,0.4942003947574651
2151,0.45222752835603625
2152,0.46115340374266917
2153,0.4160989851244265
2154,0.39378429665784404
2155,0.4272563293577179
2156,0.4525463096198445
2157,0.4227933916644013
2158,0.4116360474311102
2159,0.4473395489776417
2160,0.4644474768020217
2161,0.4889936341152626
2162,0.510564499632959
2163,0.5388297716906301
2164,0.5410612405372884
2165,0.5559376995150099
2166,0.6005670764481749
2167,0.5871782633682254
2168,0.5499871159239214
2169,0.5975917846526307
2170,0.5685826896460733
2171,0.5489245117112268
2172,0.45849689321093323
2173,0.4597365981257433
2174,0.4692823259697813
2175,0.5195966354408614
2176,0.5444615740179105
2177,0.5440365323328326
2178,0.5589129913105544
2179,0.668254964796808
2180,0.6682549647968082
2181,0.567520085433379
2182,0.5638009706889485
2183,0.5269286045084527
2184,0.5648635749016431
2185,0.5633759290038709
2186,0.5618882831060987
2187,0.5760209191349343
2188,0.5529624077194657
2189,0.5083330307863009
2190,0.47231074797596073
2191,0.4904812800130351
2192,0.4712481437632662
2193,0.46072836205759155
2194,0.4146113392266545
2195,0.4619680669724018
2196,0.4250248605110596
2197,0.45955949742362806
2198,0.484158784947503
2199,0.5090768537351869
2200,0.4960599521296805
2201,0.511733364266923
2202,0.4782613315670495
2203,0.4592407161598194
2204,0.5176839478580114
2205,0.441070184122745
2206,0.481555404626402
2207,0.46859163323153025
2208,0.44627694476494767
2209,0.440538882016398
2210,0.512477187215809
2211,0.47135440418453545
2212,0.5183746405962631
2213,0.4028872727465931
2214,0.4570092473131611
2215,0.3134514181781473
2216,0.35659314921354024
2217,0.3975034114022748
2218,0.38634606716898345
2219,0.3677504934468313
2220,0.4703980603931106
2221,0.41609898512442667
2222,0.3942093383429218
2223,0.40164756783178274
2224,0.35808079511131224
2225,0.3344909815894964
2226,0.3149390640759195
2227,0.3417166902358184
2228,0.4213057457666291
2229,0.45700924731316095
2230,0.4681665915464523
2231,0.37518872293569205
2232,0.41981809986885693
2233,0.46742276859756615
2234,0.47114188334199664
2235,0.5090768537351867
2236,0.5083330307863008
2237,0.3379975754913879
2238,0.31493906407591965
2239,0.27477262483607107
2240,0.3890025777007194
2241,0.38581476506263623
2242,0.3952719425556164
2243,0.3617999098557427
2244,0.4053666825762132
2245,0.3236524186200136
2246,0.3262026687304801
2247,0.42874397525548985
2248,0.35638062837100126
2249,0.4339507358976925
2250,0.47305457092484654
2251,0.4889936341152626
2252,0.4927127488596931
2253,0.49568804065523736
2254,0.42204956871551524
2255,0.4250248605110597
2256,0.40387903667844105
2257,0.47337335218865495
2258,0.47262952923976875
2259,0.45329013256873063
2260,0.4718857062908826
2261,0.4889936341152626
2262,0.5239533127129085
2263,0.5447803552817189
2264,0.40866075563556575
2265,0.4547777784665031
2266,0.3945281196067302
2267,0.43593426376138883
2268,0.44362043423321174
2269,0.39973488024893283
2270,0.41429255796284614
2271,0.4666789456486802
2272,0.49717568655300953
2273,0.5120521455307311
2274,0.4897374570641488
2275,0.39601576550450235
2276,0.48824981116637645
2277,0.4532901325687308
2278,0.5127959684796174
2279,0.4889936341152626
2280,0.4830430505241742
2281,0.5299038963039971
2282,0.5730456273393898
2283,0.5559376995150099
2284,0.4904812800130349
2285,0.5336230110484278
2286,0.4741171751375411
2287,0.46295983090424986
2288,0.4562654243642749
2289,0.4369260276932368
2290,0.5254409586106807
2291,0.5239533127129086
2292,0.4904812800130351
2293,0.4458519030798703
2294,0.48453069642194646
2295,0.3488361384608711
2296,0.40759815142287165
2297,0.39043709338785687
2298,0.34394815908247656
2299,0.3379975754913881
2300,0.3595684410090845
2301,0.46444747680202214
2302,0.4250248605110597
2303,0.3989910573000468
2304,0.4346945588465788
2305,0.522890708500214
2306,0.4473395489776419
2307,0.4023913907806689
2308,0.5369702143184151
2309,0.5191715937557838
2310,0.5313915422017693
2311,0.5425488864350604
2312,0.47337335218865495
2313,0.4302316211532622
2314,0.4213057457666291
2315,0.43023162115326236
2316,0.46444747680202186
2317,0.42576868345994573
2318,0.3927216924451498
2319,0.5005760200336317
2320,0.518746552070706
2321,0.5663512207994151
2322,0.5090768537351871
2323,0.5254409586106806
2324,0.5425488864350607
2325,0.48899363411526275
2326,0.5708141584927318
2327,0.5923850240104279
2328,0.5462680011794909
2329,0.49196892591080704
2330,0.5611444601572125
2331,0.5723018043905036
2332,0.4964318636041235
2333,0.4570092473131611
2334,0.49196892591080704
2335,0.4756048210353132
2336,0.49791950950189584
2337,0.5165150832240478
2338,0.5340480527335054
2339,0.49196892591080704
2340,0.5793681224049215
2341,0.5961041387548583
2342,0.5678388666971872
2343,0.5217218438662503
2344,0.43171926705103436
2345,0.4979195095018957
2346,0.4956880406552372
2347,0.48006775872862967
2348,0.4778362898819714
2349,0.527672427457339
2350,0.5514747618216936
2351,0.5432927093839466
2352,0.538085948741744
2353,0.5819715027260228
2354,0.581971502726023
2355,0.5797400338793647
2356,0.501638624246326
2357,0.5261847815595666
2358,0.5410612405372884
2359,0.5425488864350604
2360,0.4904812800130349
2361,0.4956880406552375
2362,0.48155540462640184
2363,0.5484994700261492
2364,0.4956880406552372
2365,0.4968569052892012
2366,0.4971756865530097
2367,0.4882498111663768
2368,0.5217218438662503
2369,0.5388297716906303
2370,0.4480833719265283
2371,0.48601834231971847
2372,0.48676216526860444
2373,0.46667894564868
2374,0.4413889653865534
2375,0.4778362898819714
2376,0.49345657180857905
2377,0.49813203034443465
2378,0.4949442177063514
2379,0.49940715539966785
2380,0.5105644996329589
2381,0.46901667491660787
2382,0.4771987273543549
2383,0.4979195095018957
2384,0.500150978348554
2385,0.5180027291218198
2386,0.583459148623795
2387,0.5856906174704531
2388,0.5192424340366301
2389,0.5578503870978602
2390,0.5871782633682254
2391,0.5328791880995415
2392,0.5626321060549847
2393,0.4618972266915553
2394,0.4443642571820977
2395,0.42948779820437605
2396,0.39601576550450235
2397,0.4235372146132876
2398,0.4332069129488065
2399,0.38857753601564143
2400,0.3934123851834012
2401,0.43432264737213566
2402,0.4522275283560364
2403,0.4600907995299751
2404,0.4068011982633506
2405,0.46667894564868
2406,0.4845306964219461
2407,0.483043050524174
2408,0.4570092473131611
2409,0.47262952923976875
2410,0.5418050634861744
2411,0.5232094897640225
2412,0.5641197519527568
2413,0.6221379419658714
2414,0.5358544798950858
2415,0.5199154167046698
2416,0.5563627412000879
2417,0.518746552070706
2418,0.5715579814416178
2419,0.5345793548398526
2420,0.501638624246326
2421,0.47231074797596023
2422,0.5068453848885285
2423,0.5020636659314037
2424,0.5466930428645687
2425,0.541486282222366
2426,0.5537062306683518
2427,0.49915921441670574
2428,0.450367970983821
2429,0.5076423380480495
2430,0.45148370540715027
2431,0.4241216469302694
2432,0.41652402680950457
2433,0.4324630899999205
2434,0.4395825382249729
2435,0.5154524790113535
2436,0.4793239357797437
2437,0.4532901325687308
2438,0.3759325458845782
2439,0.3625437328046288
2440,0.3432043361335907
2441,0.39304047370895806
2442,0.38783371306675557
2443,0.4458519030798699
2444,0.3841145983223253
2445,0.38783371306675557
2446,0.38039548357789466
2447,0.3967595884533885
2448,0.3729572540890339
2449,0.3707257852423756
2450,0.4718857062908828
2451,0.4570092473131611
2452,0.46593512269979387
2453,0.5142836143773893
2454,0.4213057457666291
2455,0.45849689321093323
2456,0.5217218438662503
2457,0.4622160079553637
2458,0.4391574965398951
2459,0.45254630961984466
2460,0.5001509783485538
2461,0.4979195095018955
2462,0.5255472190319503
2463,0.5299038963039974
2464,0.49420039475746536
2465,0.45254630961984477
2466,0.4718857062908828
2467,0.5280974691424166
2468,0.5786774296666701
2469,0.5727268460755816
2470,0.5626321060549847
2471,0.5187465520707059
2472,0.5276724274573388
2473,0.5075892078374146
2474,0.5095018954202646
2475,0.5303289379890749
2476,0.5514747618216935
2477,0.5217218438662503
2478,0.447339548977642
2479,0.4897374570641489
2480,0.5031262701440982
2481,0.5165150832240478
2482,0.5403174175884022
2483,0.5589129913105543
2484,0.46444747680202203
2485,0.4776768992500672
2486,0.49611308234031515
2487,0.45291822109428764
2488,0.48676216526860444
2489,0.540494518290518
2490,0.5054108692013911
2491,0.468166591546452
2492,0.5566815224638959
2493,0.5440365323328328
2494,0.4882498111663766
2495,0.5254409586106807
2496,0.5886659092659976
2497,0.546268001179491
2498,0.501638624246326
2499,0.5648635749016431
2500,0.5871782633682253
2501,0.6094929518348078
2502,0.5760209191349341
2503,0.5760209191349339
2504,0.5075892078374146
2505,0.5574253454127821
2506,0.5626321060549847
2507,0.622137941965871
2508,0.5127959684796172
2509,0.46965423744422463
2510,0.4770924669330852
2511,0.5090768537351867
2512,0.5477556470772632
2513,0.4413889653865534
2514,0.4123798703799962
2515,0.4495710178243003
2516,0.5157712602751615
2517,0.5068453848885287
2518,0.4584968932109334
2519,0.4622160079553639
2520,0.49829142097633866
2521,0.4945723062319084
2522,0.5124240570051742
2523,0.4923408373852499
2524,0.4510586637220725
2525,0.4547777784665029
2526,0.5127959684796172
2527,0.5410612405372884
2528,0.5484994700261492
2529,0.5514747618216933
2530,0.47039806039311044
2531,0.5440365323328328
2532,0.45700924731316095
2533,0.43469455884657865
2534,0.39750341140227435
2535,0.4882498111663766
2536,0.501638624246326
2537,0.5165150832240475
2538,0.45700924731316095
2539,0.501638624246326
2540,0.4629598309042497
2541,0.4607283620575912
2542,0.42725632935771773
2543,0.4458519030798699
2544,0.5217218438662501
2545,0.5031262701440982
2546,0.4882498111663766
2547,0.546268001179491
2548,0.5522185847705795
2549,0.484530696421946
2550,0.5269286045084529
2551,0.46444747680202203
2552,0.582715325674909
2553,0.557425345412782
2554,0.5499871159239212
2555,0.6184188272214408
2556,0.5797400338793646
2557,0.5537062306683518
2558,0.574533273237162
2559,0.5559376995150099
2560,0.6057738370903775
2561,0.555193876566124
2562,0.5127959684796172
2563,0.5202341979684781
2564,0.5142836143773897
2565,0.5983356076015165
2566,0.546268001179491
2567,0.5797400338793646
2568,0.5685826896460735
2569,0.5202341979684781
2570,0.5931288469593141
2571,0.6355267550458208
2572,0.5477556470772633
2573,0.5894097322148836
2574,0.5946164928570863
2575,0.6005670764481749
2576,0.546268001179491
2577,0.5946164928570863
2578,0.4250248605110597
2579,0.47337335218865495
2580,0.5239533127129086
2581,0.5165150832240478
2582,0.4718857062908828
2583,0.4756048210353132
2584,0.5254409586106807
2585,0.5023824471952123
2586,0.45073988245826396
2587,0.4540339555176171
2588,0.4693354561804164
2589,0.4555216014153892
2590,0.4406451424376674
2591,0.3908090048622999
2592,0.3409728672869324
2593,0.4079169326866799
2594,0.37890783768012254
2595,0.370088222714759
2596,0.4220495687155156
2597,0.4480833719265282
2598,0.44967727824556974
2599,0.4518024866709586
2600,0.447339548977642
2601,0.45849689321093323
2602,0.4532901325687308
2603,0.5165150832240477
2604,0.5568940433064349
2605,0.5165150832240479
2606,0.44362043423321185
2607,0.4830430505241742
2608,0.5266098232446446
2609,0.4387855850654521
2610,0.40233826057003397
2611,0.3949000310811732
2612,0.4970694261317401
2613,0.4584968932109334
2614,0.38783371306675546
2615,0.38708989011786943
2616,0.3890025777007194
2617,0.38411459832232514
2618,0.36551902460017316
2619,0.43147132606807237
2620,0.40394987695928747
2621,0.39973488024893294
2622,0.35138638857133775
2623,0.4409832437780702
2624,0.4337027949147307
2625,0.4384136735910091
2626,0.5053577389907564
2627,0.43735106937831475
2628,0.45488403888777235
2629,0.5403174175884021
2630,0.5343668339973136
2631,0.46221600795536355
2632,0.42204956871551524
2633,0.43469455884657865
2634,0.4547777784665029
2635,0.4956880406552372
2636,0.4756048210353132
2637,0.537342125792858
2638,0.4882498111663766
2639,0.5410612405372884
2640,0.5633759290038707
2641,0.5440365323328328
2642,0.5886659092659978
2643,0.6206502960680992
2644,0.5484994700261493
2645,0.48081158167751586
2646,0.5191715937557836
2647,0.501638624246326
2648,0.49462543644254314
2649,0.5218281042875198
2650,0.5685826896460735
2651,0.5775085650327064
2652,0.5600818559445183
2653,0.5685826896460735
2654,0.5499871159239215
2655,0.5254409586106809
2656,0.5254409586106807
2657,0.5142836143773896
2658,0.5514747618216935
2659,0.49345657180857905
2660,0.45998453910870557
2661,0.4689104144953383
2662,0.48378687347306
2663,0.49196892591080693
2664,0.499407155399668
2665,0.5105644996329589
2666,0.5016386242463259
2667,0.5574253454127821
2668,0.5998232534992887
2669,0.5276724274573388
2670,0.5127959684796172
2671,0.5165150832240477
2672,0.5127959684796172
2673,0.45700924731316095
2674,0.5038700930929841
2675,0.5276724274573388
2676,0.5340480527335053
2677,0.5760209191349343
2678,0.4994071553996677
2679,0.4860183423197183
2680,0.5291600733551112
2681,0.5700703355438458
2682,0.5477556470772633
2683,0.5775085650327064
2684,0.5849467945215673
2685,0.5886659092659976
2686,0.5961041387548586
2687,0.6072614829881497
2688,0.5789962109304787
2689,0.5901535551637699
2690,0.5752770961860483
2691,0.5641197519527569
2692,0.5581691683616683
2693,0.5656073978505292
2694,0.583459148623795
2695,0.5797400338793647
2696,0.5499871159239215
2697,0.4198180998688571
2698,0.38932135896452774
2699,0.4302316211532622
2700,0.38783371306675557
2701,0.39899105730004664
2702,0.3833707753734391
2703,0.42279339166440155
2704,0.4361822047443508
2705,0.36551902460017316
2706,0.3432043361335907
2707,0.32248355398604983
2708,0.37890783768012254
2709,0.40345399499336326
2710,0.4242810375621734
2711,0.3495799614097572
2712,0.31121994933148917
2713,0.36031226395797067
2714,0.4220495687155154
2715,0.30229407394485625
2716,0.35436168036688176
2717,0.40866075563556575
2718,0.42576868345994556
2719,0.38113930652678085
2720,0.4250248605110596
2721,0.40866075563556586
2722,0.46667894564868045
2723,0.4909063216981129
2724,0.44585190307987
2725,0.40281643246574667
2726,0.49579430107650696
2727,0.45259943983047923
2728,0.47231074797596057
2729,0.44882719487541434
2730,0.45201500751349727
2731,0.42821267314914285
2732,0.4056854638400214
2733,0.4495710178243003
2734,0.4406451424376672
2735,0.4302316211532622
2736,0.4473395489776419
2737,0.4644474768020217
2738,0.46295983090424986
2739,0.4458519030798699
2740,0.4421327883354394
2741,0.3238649394625524
2742,0.42130574576662927
2743,0.43692602769323713
2744,0.4703980603931106
2745,0.5090768537351869
2746,0.483043050524174
2747,0.5038700930929843
2748,0.5596568142594404
2749,0.6132120665792384
2750,0.5090768537351869
2751,0.5113083225818452
2752,0.46593512269979415
2753,0.5127959684796175
2754,0.5440365323328328
2755,0.5648635749016429
2756,0.530647719252883
2757,0.5254409586106807
2758,0.5961041387548583
2759,0.4882498111663766
2760,0.49420039475746536
2761,0.5031262701440982
2762,0.4421327883354394
2763,0.3826269524245528
2764,0.41758663102219895
2765,0.3640313787024008
2766,0.3820956503182058
2767,0.3900651819134137
2768,0.37890783768012254
2769,0.4079169326866799
2770,0.45775307026204726
2771,0.4790582847265701
2772,0.4496241480349351
2773,0.4894186758003402
2774,0.5358544798950856
2775,0.482299227575288
2776,0.4510586637220725
2777,0.46487251848709976
2778,0.4417608768609966
2779,0.38262695242455297
2780,0.3498987426735653
2781,0.40345399499336326
2782,0.4592407161598194
2783,0.5142836143773896
2784,0.5102988485797858
2785,0.5180027291218198
2786,0.49717568655300937
2787,0.5685826896460736
2788,0.5871782633682254
2789,0.4845306964219463
2790,0.538085948741744
2791,0.5514747618216935
2792,0.5797400338793646
2793,0.5351106569461996
2794,0.5514747618216935
2795,0.5180027291218198
2796,0.5522185847705796
2797,0.5685826896460735
2798,0.5685826896460735
2799,0.5180027291218198
2800,0.5782523879815924
2801,0.5403174175884022
2802,0.5537062306683517
2803,0.5849467945215672
2804,0.5961041387548583
2805,0.5053577389907564
2806,0.49048128001303476
2807,0.4756048210353132
2808,0.47634864398419924
2809,0.5127959684796174
2810,0.47262952923976864
2811,0.5165150832240475
2812,0.47746437840752837
2813,0.5039232233036187
2814,0.48309618073480864
2815,0.43432264737213566
2816,0.5132210101646951
2817,0.4845306964219463
2818,0.4183304539710851
2819,0.3692381393446033
2820,0.4244935584047122
2821,0.4547777784665029
2822,0.45378601453465484
2823,0.4175866310221988
2824,0.36371259743859274
2825,0.40706684931652415
2826,0.4421327883354394
2827,0.4138675162777685
2828,0.35584932626465393
2829,0.42130574576662927
2830,0.4745422168226189
2831,0.5280974691424166
2832,0.49090632169811255
2833,0.5466930428645688
2834,0.5224656668151363
2835,0.5031262701440983
2836,0.5016386242463259
2837,0.4815554046264017
2838,0.5611444601572125
2839,0.5574253454127821
2840,0.48378687347306015
2841,0.45254630961984466
2842,0.573789450288276
2843,0.5365983028439718
2844,0.483043050524174
2845,0.40345399499336326
2846,0.3759325458845782
2847,0.41461133922665466
2848,0.3937842966578442
2849,0.4071731097377936
2850,0.48750598821749047
2851,0.4741171751375411
2852,0.5462680011794909
2853,0.5581691683616683
2854,0.6047112328776831
2855,0.6094929518348079
2856,0.6355267550458206
2857,0.5923850240104281
2858,0.5946164928570863
2859,0.5351106569461996
2860,0.5983356076015168
2861,0.5708141584927316
2862,0.5871782633682254
2863,0.5611444601572124
2864,0.5276724274573389
2865,0.5075892078374146
2866,0.39272169244514965
2867,0.4328350014743635
2868,0.40456972941669245
2869,0.4770924669330852
2870,0.4793239357797435
2871,0.5068453848885286
2872,0.45329013256873046
2873,0.3826269524245527
2874,0.4495710178243003
2875,0.4369260276932368
2876,0.43363195463388426
2877,0.47337335218865495
2878,0.39080900486229975
2879,0.4503148407731866
2880,0.499407155399668
2881,0.5306477192528833
2882,0.4570092473131611
2883,0.4175866310221987
2884,0.4614721850064776
2885,0.4354383817954648
2886,0.5604006372083266
2887,0.6161873583747827
2888,0.5328791880995415
2889,0.4770924669330854
2890,0.42768137104279563
2891,0.40164756783178274
2892,0.35701819089861786
2893,0.4160989851244265
2894,0.3528740344691096
2895,0.3785359262056795
2896,0.4889936341152626
2897,0.3919778694962637
2898,0.4354383817954648
2899,0.44362043423321174
2900,0.4108922244822242
2901,0.4510586637220725
2902,0.41014840153333804
2903,0.4589219348960112
2904,0.4477114604520853
2905,0.46593512269979415
2906,0.5053577389907563
2907,0.45626542436427525
2908,0.4614721850064776
2909,0.35776201384750383
2910,0.4346945588465785
2911,0.44957101782430015
2912,0.43618220474435065
2913,0.3967595884533885
2914,0.4614721850064776
2915,0.5284162504062249
2916,0.6146997124770104
2917,0.5291600733551111
2918,0.46965423744422446
2919,0.48676216526860444
2920,0.4715137948164399
2921,0.44547999160542684
2922,0.48118349315195885
2923,0.4328881316849981
2924,0.46636016438487193
2925,0.4532901325687308
2926,0.4596657578448973
2927,0.4718857062908828
2928,0.44255783002051735
2929,0.48718720695368206
2930,0.4897374570641488
2931,0.49048128001303476
2932,0.5113083225818451
2933,0.5259368405766048
2934,0.5109364111074021
2935,0.4480833719265282
2936,0.500150978348554
2937,0.519862286494035
2938,0.5072172963629716
2939,0.5161431717496048
2940,0.4845306964219461
2941,0.4845306964219463
2942,0.5120521455307314
2943,0.4564779452068139
2944,0.5239533127129085
2945,0.5249096565043334
2946,0.5708141584927318
2947,0.5313915422017693
2948,0.483043050524174
2949,0.4584968932109334
2950,0.4949442177063514
2951,0.4726295292397689
2952,0.501638624246326
2953,0.5048264368844093
2954,0.5142836143773896
2955,0.46221600795536355
2956,0.4979195095018957
2957,0.5256534794532196
2958,0.5254409586106806
2959,0.5775085650327064
2960,0.6407335156880233
2961,0.6370144009435929
2962,0.6184188272214411
2963,0.6035423682437193
2964,0.6530597245552786
2965,0.6965202368544796
2966,0.6928011221100491
2967,0.6419023803219872
2968,0.6143809312132021
2969,0.693969986744013
2970,0.6950325909567074
2971,0.6720803399625083
2972,0.6582664851974809
2973,0.6117244206814663
2974,0.6117244206814663
2975,0.5990794305504028
2976,0.6310638173525045
2977,0.6389979288072893
2978,0.6414773386369096
2979,0.6169311813236689
2980,0.5670950437483012
2981,0.5053577389907564
2982,0.5849467945215671
2983,0.640414734424215
2984,0.6009921181332524
2985,0.5760209191349339
2986,0.6099179935198854
2987,0.6485436566513272
2988,0.637014400943593
2989,0.5656073978505292
2990,0.6504032140235422
2991,0.6541223287679727
2992,0.6355267550458208
2993,0.7113966958322011
2994,0.6667673188990361
2995,0.692801122110049
2996,0.6057738370903775
2997,0.5437885913498707
2998,0.5675909257142254
2999,0.5146217157177921
3000,0.4904812800130346
3001,0.5261847815595666
3002,0.5001509783485537
3003,0.5224656668151363
3004,0.4988758532933205
3005,0.5016386242463259
3006,0.5291600733551112
3007,0.5420175843287133
3008,0.5723018043905036
3009,0.6094929518348078
3010,0.529903896303997
3011,0.6132120665792382
3012,0.5537062306683517
3013,0.5737894502882758
3014,0.5946164928570863
3015,0.6801561319789856
3016,0.6243694108125293
3017,0.5775085650327061
3018,0.6541223287679727
3019,0.6392458697902513
3020,0.6466840992791119
3021,0.547755647077263
3022,0.5723018043905038
3023,0.62808852555696
3024,0.6243694108125296
3025,0.5098206766840729
3026,0.5351106569461996
3027,0.5425488864350604
3028,0.48421191515813794
3029,0.4778362898819714
3030,0.4555216014153888
3031,0.4570092473131611
3032,0.43097544410214833
3033,0.45329013256873063
3034,0.5053577389907564
3035,0.5351106569461996
3036,0.501638624246326
3037,0.49568804065523736
3038,0.5611444601572128
3039,0.5016386242463263
3040,0.4741171751375411
3041,0.5228907085002142
3042,0.45403395551761694
3043,0.45275883046238347
3044,0.52172184386625
3045,0.5197028958621309
3046,0.5559376995150103
3047,0.5295319848295542
3048,0.546020060196529
3049,0.46791865056349036
3050,0.465191299750908
3051,0.5440365323328326
3052,0.5142836143773893
3053,0.46391617469567464
3054,0.5131678799540602
3055,0.4842119151581378
3056,0.4875591184281252
3057,0.5630040175294279
3058,0.5458960897050478
3059,0.5801650755644422
3060,0.6146997124770105
3061,0.5942445813826431
3062,0.565979309324972
3063,0.6132120665792382
3064,0.5551938765661236
3065,0.5589129913105546
3066,0.5760209191349343
3067,0.5797400338793647
3068,0.5589129913105544
3069,0.5440365323328326
3070,0.49048128001303476
3071,0.4793239357797435
3072,0.509820676684073
3073,0.5118042045477691
3074,0.5243783543979864
3075,0.511733364266923
3076,0.46859163323153025
3077,0.5053577389907564
3078,0.4770924669330854
3079,0.43841367359100925
3080,0.5120521455307314
3081,0.4495710178243005
3082,0.37146960819126174
3083,0.381883129475667
3084,0.34246051318470455
3085,0.3327908148491855
3086,0.31791435587146394
3087,0.3320469919002996
3088,0.3548575623328058
3089,0.4250248605110596
3090,0.3890025777007194
3091,0.3778452334674283
3092,0.4250248605110596
3093,0.41981809986885693
3094,0.41014840153333787
3095,0.38719615053913886
3096,0.4160989851244265
3097,0.39899105730004664
3098,0.31903009029479296
3099,0.39644080718958014
3100,0.377845233467428
3101,0.4064292867889076
3102,0.3915528278111859
3103,0.39304047370895806
3104,0.3967595884533884
3105,0.3922966507600719
3106,0.37146960819126174
3107,0.4250248605110597
3108,0.44510808013098385
3109,0.3900651819134137
3110,0.38411459832232514
3111,0.4101484015333382
3112,0.4123798703799965
3113,0.3751887229356922
3114,0.41237987037999635
3115,0.4198180998688571
3116,0.4287439752554902
3117,0.4942003947574651
3118,0.4495710178243003
3119,0.4771987273543548
3120,0.47571108145658264
3121,0.48155540462640184
3122,0.48899363411526275
3123,0.5127959684796174
3124,0.5046139160418703
3125,0.5797400338793646
3126,0.4592407161598191
3127,0.48474321726448494
3128,0.4829367901029046
3129,0.48793102990256837
3130,0.4681665915464522
3131,0.5180027291218198
3132,0.4986633324507817
3133,0.4458519030798697
3134,0.4681665915464523
3135,0.5228907085002142
3136,0.4934565718085792
3137,0.4785801128308574
3138,0.5881346071596505
3139,0.555193876566124
3140,0.6169311813236686
3141,0.5626321060549847
3142,0.5678388666971873
3143,0.5526436264556575
3144,0.6024797640310248
3145,0.5998232534992887
3146,0.6132120665792381
3147,0.5700703355438455
3148,0.5742144919733536
3149,0.547755647077263
3150,0.5775085650327064
3151,0.6318076403013904
3152,0.5775085650327064
3153,0.5142836143773893
3154,0.49568804065523736
3155,0.44547999160542684
3156,0.43766985064212294
3157,0.5088289127522246
3158,0.4760298627203909
3159,0.48198044631147946
3160,0.4713544041845356
3161,0.4380417621165659
3162,0.4529182210942875
3163,0.484530696421946
3164,0.4845306964219461
3165,0.49568804065523736
3166,0.4547777784665029
3167,0.5090768537351869
3168,0.5633759290038707
3169,0.5604006372083262
3170,0.5328791880995414
3171,0.5239533127129085
3172,0.5611444601572125
3173,0.5797400338793646
3174,0.5923850240104281
3175,0.6199064731192131
3176,0.5663512207994151
3177,0.546268001179491
3178,0.5529624077194658
3179,0.5864344404193393
3180,0.5648635749016431
3181,0.4956880406552372
3182,0.555193876566124
3183,0.5514747618216933
3184,0.5559376995150099
3185,0.5641197519527568
3186,0.5031262701440983
3187,0.5343668339973136
3188,0.5723018043905038
3189,0.620650296068099
3190,0.583459148623795
3191,0.5444084438072756
3192,0.5258128700851236
3193,0.575649007660491
3194,0.5793681224049214
3195,0.4882498111663766
3196,0.5232094897640225
3197,0.5169401249091254
3198,0.5061015619396423
3199,0.5775085650327064
3200,0.555193876566124
3201,0.5990794305504026
3202,0.5358544798950856
3203,0.5626321060549847
3204,0.5946164928570863
3205,0.6764370172345553
3206,0.6057738370903775
3207,0.6150716239514535
3208,0.5853187059960102
3209,0.602054722345947
3210,0.6206502960680992
3211,0.5522185847705795
3212,0.5797400338793646
3213,0.5537062306683517
3214,0.6057738370903775
3215,0.6266008796591878
3216,0.6295761714547321
3217,0.5901535551637698
3218,0.6124682436303522
3219,0.5961041387548583
3220,0.6094929518348079
3221,0.566351220799415
3222,0.6407335156880234
3223,0.659754131095253
3224,0.6061988787754552
3225,0.6456214950664175
3226,0.6206502960680992
3227,0.5901535551637698
3228,0.5678388666971872
3229,0.6035423682437192
3230,0.6466840992791117
3231,0.5886659092659976
3232,0.6141684103706632
3233,0.6689987877456945
3234,0.6169311813236686
3235,0.6243694108125295
3236,0.6742055483878968
3237,0.655609974665745
3238,0.6035423682437192
3239,0.5291600733551111
3240,0.49568804065523736
3241,0.48229922757528787
3242,0.44114102440359143
3243,0.5146555258518325
3244,0.5607725486827696
3245,0.4458519030798699
3246,0.4485084136116059
3247,0.4417608768609966
3248,0.4969277455700476
3249,0.5246971356617948
3250,0.5527144667365037
3251,0.5586650503275923
3252,0.5202341979684781
3253,0.4666789456486802
3254,0.41609898512442667
3255,0.46444747680202186
3256,0.430444141995801
3257,0.493669092651118
3258,0.44957101782430015
3259,0.484530696421946
3260,0.5276724274573389
3261,0.4923408373852501
3262,0.5284162504062249
3263,0.538085948741744
3264,0.555193876566124
3265,0.5165150832240475
3266,0.49345657180857905
3267,0.51800272912182
3268,0.5592849027849974
3269,0.5489245117112267
3270,0.5555657880405668
3271,0.5155233192921994
3272,0.548995351992073
3273,0.6057738370903774
3274,0.4986633324507817
3275,0.496856905289201
3276,0.5596568142594404
3277,0.5165150832240475
3278,0.5529624077194657
3279,0.5194903750195922
3280,0.49010936853859194
3281,0.5972730033888223
3282,0.5719298929160608
3283,0.5533343191939089
3284,0.499779066874111
3285,0.4793239357797435
3286,0.5313915422017693
3287,0.5514747618216935
3288,0.4979195095018957
3289,0.5239533127129085
3290,0.5313915422017691
3291,0.5522185847705792
3292,0.5961041387548581
3293,0.6094929518348078
3294,0.5685826896460733
3295,0.5648635749016429
3296,0.5648635749016427
3297,0.5797400338793643
3298,0.5313915422017692
3299,0.483043050524174
3300,0.5254409586106806
3301,0.6295761714547321
3302,0.6087491288859218
3303,0.6318076403013904
3304,0.6742055483878969
3305,0.667936183533
3306,0.6689987877456945
3307,0.5968479617037445
3308,0.5968479617037445
3309,0.5983356076015167
3310,0.6047112328776831
3311,0.6177281344831896
3312,0.5628092067571004
3313,0.6545473704530504
3314,0.583459148623795
3315,0.5827153256749089
3316,0.5437177510690242
3317,0.5474368658134545
3318,0.5648635749016429
3319,0.574533273237162
3320,0.586859482104417
3321,0.5325604068357332
3322,0.5131678799540605
3323,0.5440365323328328
3324,0.5379265581098396
3325,0.4800323385882064
3326,0.49639644346370027
3327,0.5983356076015165
3328,0.5120521455307311
3329,0.5670950437483012
3330,0.5351106569461999
3331,0.5142836143773896
3332,0.5090768537351869
3333,0.47709246693308555
3334,0.4904812800130349
3335,0.527672427457339
3336,0.49420039475746536
3337,0.49196892591080704
3338,0.49420039475746524
3339,0.4235372146132874
3340,0.35181143025641554
3341,0.35287403446910975
3342,0.31940200176923594
3343,0.3580807951113121
3344,0.3912340465473778
3345,0.4470207677138338
3346,0.49196892591080704
3347,0.5232094897640223
3348,0.5923850240104278
3349,0.5946164928570861
3350,0.5723018043905036
3351,0.6132120665792384
3352,0.5797400338793646
3353,0.5462680011794909
3354,0.5626321060549846
3355,0.4718857062908828
3356,0.4956880406552372
3357,0.4623222683766331
3358,0.4904812800130346
3359,0.5053577389907563
3360,0.4808115816775157
3361,0.520234197968478
3362,0.5578503870978598
3363,0.5938726699082002
3364,0.5864344404193397
3365,0.5886659092659975
3366,0.5447803552817188
3367,0.4681665915464523
3368,0.4027101720444771
3369,0.4532901325687308
3370,0.44213278833543973
3371,0.4674227685975663
3372,0.5269286045084527
3373,0.4994071553996677
3374,0.48453069642194585
3375,0.4995134158209372
3376,0.5440365323328326
3377,0.5998232534992887
3378,0.5771366535582634
3379,0.522890708500214
3380,0.5087049422607439
3381,0.4756048210353134
3382,0.546268001179491
3383,0.5053577389907564
3384,0.5611444601572124
3385,0.5871782633682254
3386,0.4927127488596931
3387,0.5090768537351867
3388,0.4508107227391104
3389,0.5384578602161869
3390,0.5165150832240475
3391,0.5273005159828958
3392,0.5644916634272
3393,0.5399455061139591
3394,0.5299570265146317
3395,0.5291600733551111
3396,0.5332510995739846
3397,0.40387903667844105
3398,0.36031226395797056
3399,0.3852834629562889
3400,0.4187554956561626
3401,0.3900651819134137
3402,0.41014840153333787
3403,0.39304047370895806
3404,0.3856022442200973
3405,0.45254630961984466
3406,0.37933287936520016
3407,0.4198180998688571
3408,0.495369259391429
3409,0.48676216526860433
3410,0.5080142495224924
3411,0.4834680922092518
3412,0.4592407161598194
3413,0.4168428080733128
3414,0.42470607924725134
3415,0.49420039475746524
3416,0.49568804065523736
3417,0.48601834231971813
3418,0.547755647077263
3419,0.5923850240104279
3420,0.5261847815595669
3421,0.4741171751375411
3422,0.48676216526860433
3423,0.48771850906002945
3424,0.41705532891585145
3425,0.3778452334674283
3426,0.43618220474435093
3427,0.4875059882174903
3428,0.4785801128308574
3429,0.5488713815005923
3430,0.49462543644254287
3431,0.5499871159239212
3432,0.5053577389907563
3433,0.4537151742538086
3434,0.4522275283560364
3435,0.4235372146132874
3436,0.49915921441670574
3437,0.4676352894401053
3438,0.4741171751375411
3439,0.4562654243642749
3440,0.48750598821749047
3441,0.44053888201639785
3442,0.45966575784489716
3443,0.42130574576662927
3444,0.4584968932109334
3445,0.4261067848003485
3446,0.4094045785844519
3447,0.3467302501120766
3448,0.3954844633981552
3449,0.3971508200044261
3450,0.3292842209472938
3451,0.3855668240796743
3452,0.4216776572410724
3453,0.3637834377194389
3454,0.3978753228767177
3455,0.3890734179815658
3456,0.35783285412835014
3457,0.35324594594355263
3458,0.33241890337474234
3459,0.39325299455149687
3460,0.300806428047084
3461,0.2970873133026536
3462,0.31387645986322527
3463,0.37678262925473377
3464,0.36328755575351485
3465,0.38634606716898345
3466,0.32460876241143855
3467,0.3246087624114384
3468,0.33874139844027407
3469,0.3480923155119848
3470,0.2978311362515396
3471,0.4302316211532622
3472,0.4808115816775157
3473,0.48569956105590995
3474,0.5363503618610097
3475,0.528912132372149
3476,0.511804204547769
3477,0.5652886165867208
3478,0.6076865246732273
3479,0.5704953772289233
3480,0.5975917846526307
3481,0.5626321060549847
3482,0.6184188272214407
3483,0.5849467945215672
3484,0.48824981116637645
3485,0.4532901325687308
3486,0.4247769195280975
3487,0.3615519688727804
3488,0.3863460671689831
3489,0.41014840153333787
3490,0.501638624246326
3491,0.5425488864350604
3492,0.546268001179491
3493,0.4934565718085792
3494,0.5090768537351867
3495,0.5165150832240477
3496,0.5246971356617944
3497,0.5367045632652414
3498,0.5605068976295958
3499,0.4898437174854179
3500,0.4987695928720509
3501,0.49717568655300937
3502,0.5031262701440979
3503,0.5254409586106807
3504,0.5269286045084527
3505,0.5313915422017695
3506,0.5291600733551112
3507,0.5276724274573389
3508,0.4923408373852499
3509,0.47114188334199664
3510,0.47826133156704903
3511,0.4525463096198445
3512,0.4756048210353131
3513,0.4361822047443511
3514,0.43097544410214833
3515,0.36031226395797056
3516,0.42874397525549035
3517,0.4622160079553639
3518,0.40543752285705964
3519,0.3121762931229141
3520,0.30675701163817287
3521,0.31159186080593215
3522,0.3523427323627626
3523,0.3960157655045025
3524,0.3617999098557427
3525,0.4763486439841994
3526,0.43859077429312476
3527,0.4247769195280976
3528,0.4634557128701739
3529,0.3965116474704264
3530,0.38374268684788215
3531,0.3190300902947928
3532,0.30787274606150156
3533,0.32503380409651617
3534,0.3729572540890339
3535,0.3357661066447298
3536,0.3208896476670082
3537,0.3677504934468313
3538,0.3000626050981977
3539,0.33427846074695744
3540,0.348411096775793
3541,0.3327908148491853
3542,0.329071700104755
3543,0.3432043361335907
3544,0.2844423231715902
3545,0.3052693657404004
3546,0.30080642804708385
3547,0.3446919820313627
3548,0.31791435587146377
3549,0.3738073374591893
3550,0.44882719487541417
3551,0.4056854638400214
3552,0.4726295292397689
3553,0.41981809986885693
3554,0.40345399499336343
3555,0.3394852213891601
3556,0.41386751627776835
3557,0.4485084136116058
3558,0.4239622562983652
3559,0.42948779820437616
3560,0.3707257852423759
3561,0.35808079511131224
3562,0.42353721461328775
3563,0.3104761263826032
3564,0.4064292867889076
3565,0.37263847282522566
3566,0.4053135523655786
3567,0.4214120061878988
3568,0.4273625897789873
3569,0.45870941405347204
3570,0.4551496899409458
3571,0.4739046542950021
3572,0.4778362898819715
3573,0.4041978179422491
3574,0.4537151742538084
3575,0.3573369721624262
3576,0.34543580498024884
3577,0.37890783768012254
3578,0.31387645986322527
3579,0.3558493262646542
3580,0.3729572540890341
3581,0.3670066704979453
3582,0.43618220474435065
3583,0.37295725408903374
3584,0.2851861461204762
3585,0.3808205252629723
3586,0.37109769671681875
3587,0.3934123851834012
3588,0.4354915120060996
3589,0.3547867220519597
3590,0.3432043361335907
3591,0.33836948696583125
3592,0.41275178185443934
3593,0.46487251848709965
3594,0.40387903667844105
3595,0.4257686834599459
3596,0.41014840153333804
3597,0.4547777784665029
3598,0.48006775872862967
3599,0.46519129975090817
3600,0.46295983090425
3601,0.510564499632959
3602,0.482299227575288
3603,0.5269286045084527
3604,0.5514747618216935
3605,0.5908973781126557
3606,0.6533785058190865
3607,0.6295761714547321
3608,0.6541223287679728
3609,0.6801561319789856
3610,0.5626321060549846
3611,0.5648635749016429
3612,0.5886659092659975
3613,0.5626321060549846
3614,0.5551938765661236
3615,0.5782523879815924
3616,0.5723018043905036
3617,0.5365983028439718
3618,0.5146217157177921
3619,0.4622160079553637
3620,0.5403174175884022
3621,0.5425488864350606
3622,0.5504121576089991
3623,0.5652886165867208
3624,0.5589129913105543
3625,0.5730987575500246
3626,0.5905254666382128
3627,0.637014400943593
3628,0.61098059773258
3629,0.5864344404193391
3630,0.5328791880995415
3631,0.5161431717496048
3632,0.44999605950937827
3633,0.4447892988671755
3634,0.4983445511869733
3635,0.5466930428645687
3636,0.5180027291218197
3637,0.4931377905447707
3638,0.5239533127129085
3639,0.49196892591080693
3640,0.5589129913105543
3641,0.5648635749016431
3642,0.5667231322738583
3643,0.5853187059960103
3644,0.5871782633682253
3645,0.5700703355438455
3646,0.5053577389907563
3647,0.46444747680202186
3648,0.4622160079553637
3649,0.46816659154645246
3650,0.4889936341152626
3651,0.46965423744422446
3652,0.49605995212968035
3653,0.3964408071895803
3654,0.439582538224973
3655,0.45631855457491005
3656,0.38608041611580984
3657,0.39644080718958014
3658,0.44585190307987
3659,0.43618220474435093
3660,0.4681665915464523
3661,0.4369260276932368
3662,0.4346945588465788
3663,0.41684280807331264
3664,0.3677504934468315
3665,0.38857753601564177
3666,0.38634606716898345
3667,0.4118485682736493
3668,0.40866075563556603
3669,0.44606442392240897
3670,0.34607336750786544
3671,0.35181143025641537
3672,0.365519024600173
3673,0.35967470143035396
3674,0.44213278833543956
3675,0.3640313787024008
3676,0.3979284530873524
3677,0.3495799614097572
3678,0.3156828870248058
3679,0.34989874267356563
3680,0.34915491972467944
3681,0.30155025099597027
3682,0.36031226395797067
3683,0.2651029265005523
3684,0.3536178574179958
3685,0.30675701163817254
3686,0.30750083458705857
3687,0.3060131886892864
3688,0.3313031689514133
3689,0.27179733304052706
3690,0.3067570116381727
3691,0.3588246180601982
3692,0.30973230343371705
3693,0.30601318868928656
3694,0.35324594594355274
3695,0.3657315454427118
3696,0.30638510016372955
3697,0.37338229577411186
3698,0.3922966507600719
3699,0.42948779820437605
3700,0.3826269524245528
3701,0.4358634234805424
3702,0.4030820835189201
3703,0.42725632935771773
3704,0.3729572540890339
3705,0.35783285412835025
3706,0.36626284754905913
3707,0.40345399499336326
3708,0.3796516606290085
3709,0.42800015230660404
3710,0.4004787031978188
3711,0.4778362898819715
3712,0.43097544410214833
3713,0.3417166902358184
3714,0.37890783768012254
3715,0.3194020017692362
3716,0.2673343953472101
3717,0.230143247902906
3718,0.24130059213619728
3719,0.29634349035376767
3720,0.3885775360156416
3721,0.3900651819134139
3722,0.49961967624220666
3723,0.4175866310221988
3724,0.4123798703799962
3725,0.3565931492135401
3726,0.4179585424966418
3727,0.3978753228767175
3728,0.32205851230097204
3729,0.32726527294317465
3730,0.36551902460017316
3731,0.36179990985574284
3732,0.4131236933288823
3733,0.482299227575288
3734,0.45254630961984466
3735,0.4235372146132874
3736,0.4778362898819715
3737,0.4793239357797435
3738,0.41907427691997096
3739,0.4123798703799962
3740,0.43990131948878125
3741,0.37667636883346406
3742,0.4250248605110596
3743,0.46965423744422446
3744,0.6020547223459468
3745,0.5328791880995412
3746,0.5440365323328324
3747,0.5537062306683517
3748,0.5291600733551111
3749,0.5403174175884022
3750,0.5328791880995415
3751,0.5183746405962629
3752,0.4789520243053007
3753,0.5042951347780621
3754,0.5117333642669228
3755,0.4495710178243003
3756,0.4808115816775157
3757,0.4365541162187938
3758,0.4787926336733962
3759,0.5180027291218198
3760,0.5239533127129085
3761,0.5834591486237949
3762,0.48676216526860444
3763,0.4254499021961375
3764,0.42279339166440144
3765,0.4143633982436924
3766,0.43490707968911774
3767,0.4450726599905607
3768,0.41540829238617527
3769,0.48081158167751586
3770,0.39973488024893267
3771,0.5001509783485538
3772,0.48198044631147946
3773,0.3699819622934896
3774,0.327584054206983
3775,0.28019190632081264
3776,0.3456129056823645
3777,0.3208896476670081
3778,0.43193178789357345
3779,0.4339507358976925
3780,0.5057827806758343
3781,0.46965423744422463
3782,0.44547999160542684
3783,0.4566373358387181
3784,0.374196959003844
3785,0.3801475425949327
3786,0.4366072464294287
3787,0.339910263074238
3788,0.4403263611738592
3789,0.42768137104279563
3790,0.3803954835778948
3791,0.29602470908995926
3792,0.35776201384750417
3793,0.3123888139654529
3794,0.3034629385788199
3795,0.2827067362908562
3796,0.3986722760362386
3797,0.42800015230660404
3798,0.401594437621148
3799,0.3065090706552106
3800,0.2892771723393496
3801,0.3682463754127552
3802,0.32733611322402106
3803,0.4384136735910091
3804,0.37083204566364514
3805,0.338422617176466
3806,0.2912429901328345
3807,0.30346293857882006
3808,0.30229407394485636
3809,0.35956844100908436
3810,0.28592996906936224
3811,0.3208896476670082
3812,0.3173830537651168
3813,0.34394815908247667
3814,0.3863460671689833
3815,0.3900651819134137
3816,0.40866075563556575
3817,0.3774201917823502
3818,0.3394852213891602
3819,0.384114598322325
3820,0.3967595884533885
3821,0.4209869645028209
3822,0.44733954897764217
3823,0.3796516606290087
3824,0.3815643482118586
3825,0.29113672971156496
3826,0.29113672971156496
3827,0.2889052608649067
3828,0.3684943163957173
3829,0.3528740344691096
3830,0.34915491972467916
3831,0.39304047370895806
3832,0.34729536235246417
3833,0.37561376462077
3834,0.3458608466653268
3835,0.4936690926511182
3836,0.44362043423321174
3837,0.45238691898794076
3838,0.49605995212968035
3839,0.5410612405372883
3840,0.5351106569461996
3841,0.5127959684796172
3842,0.4912251029619209
3843,0.45467151804523354
3844,0.4041978179422494
3845,0.43171926705103436
3846,0.3856022442200974
3847,0.4272563293577179
3848,0.37890783768012265
3849,0.3707257852423756
3850,0.35255525320530157
3851,0.46370365385313583
3852,0.5541312723534296
3853,0.5399986363245941
3854,0.5648635749016431
3855,0.5150274373262755
3856,0.49605995212968035
3857,0.44255783002051735
3858,0.4175866310221988
3859,0.49813203034443465
3860,0.45105866372207265
3861,0.38783371306675546
3862,0.4082888441611227
3863,0.3793328793652003
3864,0.4079169326866799
3865,0.44138896538655326
3866,0.502382447195212
3867,0.42056192281774313
3868,0.37221343114014777
3869,0.46370365385313583
3870,0.4425578300205172
3871,0.38719615053913886
3872,0.45329013256873063
3873,0.40717310973779375
3874,0.34394815908247683
3875,0.37306351451030345
3876,0.3536178574179958
3877,0.3339596794831494
3878,0.3975034114022747
3879,0.44733954897764217
3880,0.3469234508780212
3881,0.44585190307987
3882,0.3670066704979453
3883,0.45254630961984466
3884,0.4860183423197183
3885,0.4622160079553639
3886,0.40568546384002174
3887,0.4175866310221991
3888,0.4198180998688571
3889,0.4175866310221988
3890,0.4071731097377936
3891,0.4495710178243003
3892,0.39080900486229975
3893,0.36488146207255656
3894,0.36264999322589825
3895,0.394209338342922
3896,0.49568804065523736
3897,0.5038700930929845
3898,0.4614721850064777
3899,0.43363195463388443
3900,0.37263847282522555
3901,0.36721919134048425
3902,0.38262695242455297
3903,0.4495710178243003
3904,0.47858011283085755
3905,0.5775085650327064
3906,0.4882498111663766
3907,0.49940715539966785
3908,0.48012088893926447
3909,0.49350970201921385
3910,0.5321353651506555
3911,0.5176839478580116
3912,0.5057827806758343
3913,0.6206502960680992
3914,0.5604006372083264
3915,0.618418827221441
3916,0.5983356076015167
3917,0.5462680011794909
3918,0.5217218438662503
3919,0.5871782633682257
3920,0.546268001179491
3921,0.5522185847705796
3922,0.5499871159239214
3923,0.4480833719265282
3924,0.4607283620575917
3925,0.4793239357797435
3926,0.48229922757528787
3927,0.5254409586106807
3928,0.6169311813236686
3929,0.6109805977325801
3930,0.6318076403013904
3931,0.620650296068099
3932,0.5983356076015165
3933,0.6146997124770105
3934,0.603011066137372
3935,0.5403174175884021
3936,0.5447803552817189
3937,0.5217218438662501
3938,0.547755647077263
3939,0.5447803552817188
3940,0.5938726699082
3941,0.5589129913105543
3942,0.5769772629263592
3943,0.6593290894101751
3944,0.6753744130218606
3945,0.6132120665792379
3946,0.5908973781126556
3947,0.5462680011794909
3948,0.573789450288276
3949,0.5708141584927318
3950,0.5261847815595667
3951,0.5217218438662503
3952,0.5514747618216936
3953,0.5425488864350604
3954,0.5090768537351867
3955,0.5180027291218198
3956,0.5764459608200119
3957,0.5812276797771367
3958,0.611724420681466
3959,0.5083330307863009
3960,0.4894186758003404
3961,0.4796958472541867
3962,0.5261847815595667
3963,0.5685826896460735
3964,0.5325604068357332
3965,0.6262289681847446
3966,0.7080494925622138
3967,0.7099090499344289
3968,0.6779246631323272
3969,0.6444526304324537
3970,0.6370144009435929
3971,0.6332952861991625
3972,0.6099179935198857
3973,0.5998232534992889
3974,0.6295761714547321
3975,0.5868063518937823
3976,0.566776262484493
3977,0.5886659092659976
3978,0.5626321060549849
3979,0.4785801128308577
3980,0.4882498111663766
3981,0.5946164928570863
3982,0.6318076403013904
3983,0.5514747618216935
3984,0.5775085650327064
3985,0.5963166595973973
3986,0.5983356076015167
3987,0.4622160079553637
3988,0.46115340374266933
3989,0.4041978179422494
3990,0.41535516217554047
3991,0.44733954897764217
3992,0.42768137104279563
3993,0.46593512269979415
3994,0.482299227575288
3995,0.4584968932109334
3996,0.4214120061878988
3997,0.369344399765873
3998,0.3469234508780212
3999,0.3350222836958439
4000,0.34766727382690715
4001,0.3357661066447298
4002,0.31610792870988325
4003,0.30792587627213636
4004,0.37704828030790705
4005,0.4090857973206435
4006,0.33895391928281304
4007,0.3820956503182058
4008,0.2757289686274961
4009,0.3714696081912616
4010,0.4369260276932368
4011,0.4313473555765912
4012,0.4135487350139601
4013,0.44213278833543956
4014,0.40940457858445206
4015,0.4443642571820979
4016,0.45849689321093323
4017,0.4510586637220725
4018,0.34543580498024884
4019,0.3491549197246793
4020,0.3186581788203499
4021,0.31419524112703345
4022,0.3045255427915144
4023,0.4012225261467053
4024,0.45477777846650325
4025,0.3766763688334642
4026,0.4198180998688571
4027,0.39155282781118605
4028,0.46221600795536355
4029,0.499407155399668
4030,0.47486099808642707
4031,0.5388297716906303
4032,0.49271274885969324
4033,0.4756048210353131
4034,0.5648635749016429
4035,0.5983356076015167
4036,0.5723018043905036
4037,0.5578503870978598
4038,0.5518466732961365
4039,0.5421769749606175
4040,0.493669092651118
4041,0.5197028958621311
4042,0.5046139160418704
4043,0.5678388666971873
4044,0.5983356076015167
4045,0.5057827806758344
4046,0.5169401249091258
4047,0.4495710178243005
4048,0.5172589061729338
4049,0.45817811194712516
4050,0.46110027353203487
4051,0.5526436264556576
4052,0.43735106937831486
4053,0.46115340374266933
4054,0.40685432847398534
4055,0.3882587547518332
4056,0.4324630899999205
4057,0.44362043423321174
4058,0.4131236933288823
4059,0.42428103756217356
4060,0.5254409586106807
4061,0.5961041387548586
4062,0.5559376995150102
4063,0.5983356076015167
4064,0.6117244206814663
4065,0.6630482041546059
4066,0.5760209191349343
4067,0.4518024866709586
4068,0.43246308999992034
4069,0.39304047370895806
4070,0.33353463779807163
4071,0.38634606716898345
4072,0.3305593460025272
4073,0.38411459832232514
4074,0.4012225261467051
4075,0.42204956871551524
4076,0.42130574576662927
4077,0.39899105730004664
4078,0.43320691294880664
4079,0.46444747680202203
4080,0.47188570629088245
4081,0.5522185847705796
4082,0.5760209191349341
4083,0.5234220106065612
4084,0.6593290894101753
4085,0.6332952861991622
4086,0.603542368243719
4087,0.6280885255569599
4088,0.5708141584927316
4089,0.5670950437483014
4090,0.5425488864350607
4091,0.5403174175884022
4092,0.5291600733551111
4093,0.5104582392116895
4094,0.5005760200336317
4095,0.5396267248501511
4096,0.5246971356617948
4097,0.5202341979684783
4098,0.481555404626402
4099,0.45552160141538894
4100,0.5165150832240477
4101,0.5220937553406931
4102,0.5797400338793646
4103,0.5269286045084527
4104,0.5343668339973136
4105,0.530328937989075
4106,0.45966575784489716
4107,0.48793102990256826
4108,0.5217218438662503
4109,0.4856995610559101
4110,0.5053577389907564
4111,0.45998453910870557
4112,0.4495710178243005
4113,0.5046139160418703
4114,0.49196892591080693
4115,0.4718857062908828
4116,0.5782523879815925
4117,0.5998232534992889
4118,0.6072614829881494
4119,0.5849467945215672
4120,0.6132120665792381
4121,0.6429649845346816
4122,0.5172589061729338
4123,0.5209780209173643
4124,0.537342125792858
4125,0.5239533127129086
4126,0.5122646663732702
4127,0.5680513875397262
4128,0.5879220863171116
4129,0.5529624077194657
4130,0.5849467945215672
4131,0.5142836143773896
4132,0.5217218438662503
4133,0.5685826896460733
4134,0.5574253454127822
4135,0.5559376995150103
4136,0.4570092473131612
4137,0.47188570629088294
4138,0.49420039475746524
4139,0.4845306964219461
4140,0.44585190307987016
4141,0.4235372146132876
4142,0.47039806039311044
4143,0.41535516217554047
4144,0.42204956871551524
4145,0.42800015230660404
4146,0.3536178574179958
4147,0.34787979466944613
4148,0.45796559110458607
4149,0.48623086316225744
4150,0.4793239357797435
4151,0.43246308999992034
4152,0.4889936341152626
4153,0.5246971356617945
4154,0.5228375782895793
4155,0.44771146045208515
4156,0.3547335918413249
4157,0.33996339328487263
4158,0.418117933128546
4159,0.4715137948164396
4160,0.4681665915464522
4161,0.4175866310221987
4162,0.5165150832240475
4163,0.5113083225818451
4164,0.510777020475498
4165,0.4978132490806263
4166,0.40047870319781914
4167,0.4410701841227452
4168,0.36031226395797067
4169,0.4001599219340109
4170,0.3357661066447298
4171,0.3959095050832331
4172,0.40239139078066904
4173,0.4417608768609966
4174,0.4313473555765913
4175,0.3912340465473777
4176,0.38411459832232514
4177,0.3751887229356924
4178,0.41461133922665466
4179,0.381883129475667
4180,0.41907427691997096
4181,0.46940629646126253
4182,0.42130574576662944
4183,0.5130084893221561
4184,0.5449928761242577
4185,0.5206592396535558
4186,0.49308466033413606
4187,0.46636016438487177
4188,0.41386751627776835
4189,0.41014840153333787
4190,0.4228996520856708
4191,0.3919778694962637
4192,0.37263847282522555
4193,0.4897374570641486
4194,0.5514747618216933
4195,0.4837868734730598
4196,0.48304305052417384
4197,0.48824981116637645
4198,0.5090768537351869
4199,0.5537062306683517
4200,0.5871782633682254
4201,0.6072614829881496
4202,0.6347829320969347
4203,0.5975917846526305
4204,0.6253257546039545
4205,0.6243694108125296
4206,0.5648635749016431
4207,0.5522185847705795
4208,0.4882498111663768
4209,0.4756048210353132
4210,0.5723018043905038
4211,0.5931288469593141
4212,0.5923850240104279
4213,0.6347829320969347
4214,0.5499871159239212
4215,0.5648635749016432
4216,0.5675200854333793
4217,0.5585942100467461
4218,0.5447803552817188
4219,0.41609898512442667
4220,0.47486099808642723
4221,0.5046139160418703
4222,0.43990131948878125
4223,0.5150274373262755
4224,0.4741171751375411
4225,0.4882498111663768
4226,0.499407155399668
4227,0.4433016529694035
4228,0.4820512865923259
4229,0.5094487652096299
4230,0.45148370540715027
4231,0.4793239357797435
4232,0.42725632935771773
4233,0.43363195463388426
4234,0.44330165296940316
4235,0.4358634234805426
4236,0.4607283620575914
4237,0.49196892591080704
4238,0.5638009706889485
4239,0.459665757844897
4240,0.4852745193708323
4241,0.40903266711000874
4242,0.4916501446469987
4243,0.5228907085002142
4244,0.5336230110484275
4245,0.5291600733551111
4246,0.5038700930929843
4247,0.4927127488596929
4248,0.4949442177063512
4249,0.458921934896011
4250,0.47114188334199675
4251,0.48920615495780173
4252,0.5360670007376248
4253,0.5566815224638962
4254,0.465191299750908
4255,0.45775307026204726
4256,0.4942003947574651
4257,0.4510586637220725
4258,0.45201500751349744
4259,0.47337335218865506
4260,0.5105644996329592
4261,0.5574253454127822
4262,0.5514747618216939
4263,0.5127959684796174
4264,0.44627694476494767
4265,0.4239622562983652
4266,0.41609898512442667
4267,0.365519024600173
4268,0.4929252697022317
4269,0.4295940586256454
4270,0.4404326215951283
4271,0.43841367359100897
4272,0.5254409586106806
4273,0.4190742769199711
4274,0.4971756865530098
4275,0.4763486439841995
4276,0.4584968932109334
4277,0.4053666825762132
4278,0.458921934896011
4279,0.43469455884657865
4280,0.45966575784489716
4281,0.46487251848709993
4282,0.5187996822813408
4283,0.47231074797596073
4284,0.4882498111663768
4285,0.4659351226997943
4286,0.4399013194887816
4287,0.44287661128432554
4288,0.3989910573000468
4289,0.41014840153333787
4290,0.3937842966578442
4291,0.4265125064088316
4292,0.42130574576662944
4293,0.3280090958920606
4294,0.3495799614097572
4295,0.4495710178243005
4296,0.4675290290188357
4297,0.4675290290188357
4298,0.5202341979684781
4299,0.49420039475746524
4300,0.45924071615981954
4301,0.427256329357718
4302,0.4315067462084955
4303,0.32800909589206095
4304,0.31121994933148933
4305,0.3030378968937423
4306,0.2732849789382991
4307,0.3246087624114387
4308,0.32944361157919816
4309,0.3882056245411987
4310,0.3265214499942888
4311,0.2978842664621744
4312,0.24464779540618498
4313,0.3391133099147172
4314,0.38783371306675574
4315,0.44622381455431304
4316,0.38783371306675574
4317,0.3469234508780212
4318,0.37370107703792005
4319,0.345435804980249
4320,0.3194020017692361
4321,0.39824723435116066
4322,0.3751887229356922
4323,0.4659351226997943
4324,0.46444747680202214
4325,0.46444747680202203
4326,0.5313915422017693
4327,0.5090768537351867
4328,0.4756048210353132
4329,0.5169401249091253
4330,0.5365983028439719
4331,0.6117244206814663
4332,0.5864344404193391
4333,0.5723018043905042
4334,0.5090768537351869
4335,0.4756048210353132
4336,0.4748609980864269
4337,0.4793239357797435
4338,0.4547777784665028
4339,0.4443642571820977
4340,0.5202341979684781
4341,0.5670950437483013
4342,0.5299038963039974
4343,0.5224656668151364
4344,0.49940715539966785
4345,0.5537062306683518
4346,0.546268001179491
4347,0.5606131580508655
4348,0.5740019711308149
4349,0.5940851907507391
4350,0.5313915422017693
4351,0.4495710178243005
4352,0.44585190307987
4353,0.5031262701440983
4354,0.4971756865530097
4355,0.4562654243642751
4356,0.5109895413180369
4357,0.47486099808642723
4358,0.4064292867889077
4359,0.4160989851244268
4360,0.400478703197819
4361,0.47337335218865495
4362,0.47602986272039116
4363,0.40908579732064365
4364,0.42470607924725134
4365,0.43841367359100925
4366,0.500150978348554
4367,0.4718857062908828
4368,0.4808115816775157
4369,0.5046139160418703
4370,0.5031262701440983
4371,0.5499871159239215
4372,0.5023824471952122
4373,0.4703980603931106
4374,0.4689104144953386
4375,0.4607283620575917
4376,0.38262695242455314
4377,0.42130574576662927
4378,0.44362043423321174
4379,0.32832787715586914
4380,0.3592496597452762
4381,0.33799757549138826
4382,0.4071731097377939
4383,0.49961967624220666
4384,0.43097544410214833
4385,0.3030378968937421
4386,0.30080642804708385
4387,0.2918805526604511
4388,0.282954677273818
4389,0.333640898219341
4390,0.3538303782605347
4391,0.3186581788203499
4392,0.28279528664191395
4393,0.27169107261925723
4394,0.2766321822082863
4395,0.31642670997369177
4396,0.323227376934936
4397,0.32917796052602455
4398,0.39973488024893294
4399,0.3783765355737755
4400,0.42948779820437616
4401,0.4250248605110597
4402,0.43097544410214833
4403,0.495369259391429
4404,0.5726737158649468
4405,0.602054722345947
4406,0.49048128001303476
4407,0.50089480129744
4408,0.47486099808642707
4409,0.5132210101646951
4410,0.5678388666971873
4411,0.5659793093249722
4412,0.5347387454717567
4413,0.5935538886443918
4414,0.6504032140235425
4415,0.5797400338793646
4416,0.5626321060549847
4417,0.51800272912182
4418,0.5194903750195919
4419,0.5581691683616683
4420,0.5477556470772632
4421,0.5566815224638962
4422,0.5328791880995415
4423,0.547755647077263
4424,0.5217218438662503
4425,0.583459148623795
4426,0.6355267550458207
4427,0.5641197519527569
4428,0.5458960897050478
4429,0.5663512207994149
4430,0.5537062306683517
4431,0.5328791880995414
4432,0.5306477192528832
4433,0.5157712602751615
4434,0.4904812800130349
4435,0.5008948012974398
4436,0.49345657180857905
4437,0.5514747618216936
4438,0.5923850240104279
4439,0.49568804065523736
4440,0.5016386242463261
4441,0.4994071553996677
4442,0.38708989011786943
4443,0.43735106937831486
4444,0.4555216014153892
4445,0.5132210101646951
4446,0.4737983938737327
4447,0.377101410518542
4448,0.3607373056430483
4449,0.3617999098557427
4450,0.39697210929592747
4451,0.42204956871551524
4452,0.3922966507600719
4453,0.4056854638400214
4454,0.3770482803079072
4455,0.37518872293569205
4456,0.41981809986885726
4457,0.42800015230660404
4458,0.36031226395797056
4459,0.3350222836958438
4460,0.39973488024893283
4461,0.43097544410214833
4462,0.39675958845338866
4463,0.3611623473281259
4464,0.3677504934468313
4465,0.3975034114022747
4466,0.38039548357789466
4467,0.4027101720444771
4468,0.41981809986885693
4469,0.43469455884657865
4470,0.3989910573000468
4471,0.38411459832232514
4472,0.44957101782430015
4473,0.38634606716898345
4474,0.37858905641631413
4475,0.40866075563556586
4476,0.42449355840471253
4477,0.446595726028756
4478,0.4644474768020217
4479,0.4599845391087054
4480,0.42874397525548985
4481,0.4622160079553634
4482,0.447339548977642
4483,0.4845306964219461
4484,0.4689104144953385
4485,0.5016386242463261
4486,0.4785801128308577
4487,0.5232094897640223
4488,0.4845306964219461
4489,0.4808115816775157
4490,0.4622160079553637
4491,0.46295983090424986
4492,0.4599845391087054
4493,0.46965423744422446
4494,0.43618220474435065
4495,0.4391574965398951
4496,0.38262695242455314
4497,0.45073988245826424
4498,0.4250248605110596
4499,0.4123798703799962
4500,0.38602728590517504
4501,0.3644564203874786
4502,0.37816401473123634
4503,0.3744448999868061
4504,0.33055934600252734
4505,0.3194020017692358
4506,0.37072578524237576
4507,0.33279081484918577
4508,0.46763528944010513
4509,0.36870683723825626
4510,0.374657420829345
4511,0.3945281196067302
4512,0.4639161746956748
4513,0.41089222448222407
4514,0.36477520165128696
4515,0.38113930652678085
4516,0.44585190307987
4517,0.42948779820437616
4518,0.41609898512442667
4519,0.42651250640883204
4520,0.4480833719265283
4521,0.44585190307987
4522,0.36179990985574284
4523,0.38857753601564177
4524,0.32907170010475517
4525,0.36477520165128713
4526,0.37072578524237576
4527,0.3357661066447298
4528,0.3766763688334642
4529,0.4150363809117323
4530,0.4485084136116058
4531,0.43692602769323696
4532,0.4239091260877304
4533,0.4146113392266545
4534,0.47188570629088294
4535,0.4845306964219463
4536,0.510033197526612
4537,0.4271500689364483
4538,0.43883871527608687
4539,0.4894186758003407
4540,0.5388297716906303
4541,0.4882498111663768
4542,0.4696542374442248
4543,0.47209822713342176
4544,0.40759815142287165
4545,0.3827332128458225
4546,0.4272563293577179
4547,0.3975034114022747
4548,0.4056854638400216
4549,0.4912251029619209
4550,0.4864965142154307
4551,0.5351106569461999
4552,0.5053577389907564
4553,0.5053577389907564
4554,0.619162650170327
4555,0.6228817649147573
4556,0.6169311813236686
4557,0.6399896927391371
4558,0.637014400943593
4559,0.6355267550458207
4560,0.5239533127129086
4561,0.5038700930929843
4562,0.5559376995150099
4563,0.5299038963039974
4564,0.5365983028439719
4565,0.4909063216981127
4566,0.42396225629836504
4567,0.5328791880995414
4568,0.4808115816775157
4569,0.4458519030798699
4570,0.38262695242455297
4571,0.35436168036688176
4572,0.347667273826907
4573,0.4317192670510342
4574,0.35956844100908436
4575,0.483043050524174
4576,0.4745422168226187
4577,0.508704942260744
4578,0.48081158167751586
4579,0.5581691683616684
4580,0.5432927093839467
4581,0.501638624246326
4582,0.5484994700261493
4583,0.5075892078374148
4584,0.5053577389907564
4585,0.5484994700261493
4586,0.5284162504062251
4587,0.481555404626402
4588,0.527672427457339
4589,0.563375929003871
4590,0.6080053059370357
4591,0.5435052302264856
4592,0.5604006372083266
4593,0.5715579814416178
4594,0.5797400338793647
4595,0.5775085650327064
4596,0.5775085650327064
4597,0.5611444601572125
4598,0.5589129913105543
4599,0.5611444601572125
4600,0.5440365323328328
4601,0.5903660760063087
4602,0.6945012888503601
4603,0.6615605582568337
4604,0.62808852555696
4605,0.6786684860812136
4606,0.6530597245552786
4607,0.637386312418036
4608,0.6262289681847446
4609,0.5432927093839467
4610,0.4741171751375411
4611,0.5150274373262753
4612,0.590897378112656
4613,0.6392458697902511
4614,0.5856906174704535
4615,0.5410612405372885
4616,0.5663512207994151
4617,0.5648635749016431
4618,0.5159837811177005
4619,0.5120521455307312
4620,0.4845306964219461
4621,0.5038700930929845
4622,0.4964318636041235
4623,0.49834455118697346
4624,0.4529713513049224
4625,0.4700792791293024
4626,0.46752902901883586
4627,0.3793328793652003
4628,0.39304047370895806
4629,0.339910263074238
4630,0.3469234508780212
4631,0.37635758756965615
4632,0.37263847282522566
4633,0.3766763688334644
4634,0.38262695242455297
4635,0.376357587569656
4636,0.37332916556347706
4637,0.3911809163367429
4638,0.3868419491349075
4639,0.34915491972467944
4640,0.313557678599417
4641,0.3131326369143391
4642,0.29188055266045104
4643,0.3181268767140029
4644,0.29283689645187594
4645,0.34766727382690715
4646,0.3208896476670081
4647,0.29485584445599533
4648,0.29188055266045104
4649,0.34097286728693255
4650,0.27849173958050155
4651,0.40653554721017715
4652,0.32832787715586914
4653,0.4340569963189624
4654,0.43841367359100925
4655,0.445108080130984
4656,0.436306175235832
4657,0.4120079589055532
4658,0.430284751363897
4659,0.4624285287979027
4660,0.39909731772131624
4661,0.3753658236378079
4662,0.3927216924451498
4663,0.4625879194298067
4664,0.44744580939891143
4665,0.4235372146132876
4666,0.3357661066447301
4667,0.4411410244035913
4668,0.49196892591080693
4669,0.4860183423197183
4670,0.5061015619396426
4671,0.47337335218865495
4672,0.44032636117385904
4673,0.40271017204447745
4674,0.41386751627776863
4675,0.3893213589645279
4676,0.4200306207113959
4677,0.39378429665784404
4678,0.4480833719265282
4679,0.3699819622934896
4680,0.376145066727117
4681,0.501638624246326
4682,0.48378687347306015
4683,0.42502486051105987
4684,0.49292526970223205
4685,0.5604006372083264
4686,0.44362043423321185
4687,0.40217886993812996
4688,0.44213278833543956
4689,0.5201279375472088
4690,0.499407155399668
4691,0.49717568655300953
4692,0.49420039475746524
4693,0.4220495687155154
4694,0.42130574576662944
4695,0.4242810375621734
4696,0.38932135896452774
4697,0.4443642571820979
4698,0.4108922244822242
4699,0.4465957260287562
4700,0.4756048210353132
4701,0.5440365323328328
4702,0.5440365323328326
4703,0.5150274373262756
4704,0.48229922757528787
4705,0.4339507358976926
4706,0.4934565718085792
4707,0.447339548977642
4708,0.5403174175884025
4709,0.5135397914285034
4710,0.4703980603931106
4711,0.483043050524174
4712,0.5053577389907566
4713,0.5559376995150102
4714,0.5038700930929845
4715,0.4697604978654942
4716,0.40026618235528
4717,0.44622381455431304
4718,0.39867227603623845
4719,0.43134735557659165
4720,0.5057827806758344
4721,0.5685826896460735
4722,0.5708141584927316
4723,0.4845306964219461
4724,0.4808115816775157
4725,0.44138896538655353
4726,0.5016386242463263
4727,0.5217218438662501
4728,0.46444747680202186
4729,0.3766763688334644
4730,0.47114188334199664
4731,0.3610560869068567
4732,0.3208896476670082
4733,0.3156828870248056
4734,0.39845975519369964
4735,0.4252373813535985
4736,0.44308913212686435
4737,0.5083330307863009
4738,0.41535516217554064
4739,0.4227933916644013
4740,0.41981809986885693
4741,0.3744448999868061
4742,0.4495710178243003
4743,0.4406451424376674
4744,0.45116492414334186
4745,0.47262952923976875
4746,0.5113083225818451
4747,0.4235372146132876
4748,0.4384136735910091
4749,0.3640313787024008
4750,0.447339548977642
4751,0.5098206766840732
4752,0.5068453848885286
4753,0.5023824471952123
4754,0.5232094897640225
4755,0.5690077313311512
4756,0.5095018954202647
4757,0.46407556532757915
4758,0.4648193882764652
4759,0.4385907742931251
4760,0.46338487258932765
4761,0.42991283988945395
4762,0.4793239357797437
4763,0.39452811960673034
4764,0.41014840153333804
4765,0.3677504934468315
4766,0.37338229577411186
4767,0.38730241096040824
4768,0.3751887229356922
4769,0.41779915186473776
4770,0.4160989851244268
4771,0.4123798703799962
4772,0.5299038963039969
4773,0.5351106569461996
4774,0.5898347738999614
4775,0.6020547223459471
4776,0.573789450288276
4777,0.5708141584927316
4778,0.5373421257928578
4779,0.458921934896011
4780,0.4980257699231651
4781,0.4901624987492264
4782,0.500150978348554
4783,0.5120521455307312
4784,0.509820676684073
4785,0.5380859487417441
4786,0.5373421257928578
4787,0.518746552070706
4788,0.5723018043905036
4789,0.5797400338793646
4790,0.6039142797181624
4791,0.5685826896460733
4792,0.519986256985516
4793,0.5529624077194657
4794,0.46940629646126253
4795,0.4508107227391104
4796,0.4986633324507818
4797,0.43692602769323696
4798,0.4013287865679744
4799,0.3800767023140863
4800,0.5180027291218198
4801,0.5239533127129086
4802,0.590897378112656
4803,0.5678388666971873
4804,0.6087491288859218
4805,0.5254409586106809
4806,0.5901535551637699
4807,0.5737894502882758
4808,0.5574253454127822
4809,0.6429649845346814
4810,0.6094929518348079
4811,0.5373421257928581
4812,0.49196892591080704
4813,0.5303289379890751
4814,0.4871872069536824
4815,0.5380859487417441
4816,0.42948779820437605
4817,0.4227933916644013
4818,0.3766763688334642
4819,0.36594406628525095
4820,0.3625437328046287
4821,0.3486236176183321
4822,0.35776201384750417
4823,0.4014350469892441
4824,0.4138675162777685
4825,0.3495799614097571
4826,0.27514453631051405
4827,0.3234930279881094
4828,0.3503946246394892
4829,0.3577088836368691
4830,0.38597415569454013
4831,0.34655153940357786
4832,0.40122252614670495
4833,0.418330453971085
4834,0.4399013194887811
4835,0.46710398733375796
4836,0.5028074888802898
4837,0.5291600733551111
4838,0.5388297716906303
4839,0.5489245117112271
4840,0.5288412920913028
4841,0.42768137104279563
4842,0.4927127488596934
4843,0.5183746405962629
4844,0.5492432929750354
4845,0.45738115878760427
4846,0.41471759964792404
4847,0.42539677198550274
4848,0.4146113392266545
4849,0.4160989851244268
4850,0.4562654243642751
4851,0.46710398733375796
4852,0.5477556470772632
4853,0.5306477192528833
4854,0.5953603158059723
4855,0.5618882831060987
4856,0.5291600733551111
4857,0.5641197519527569
4858,0.5715579814416178
4859,0.5931288469593141
4860,0.5723018043905039
4861,0.6080053059370357
4862,0.546268001179491
4863,0.5239533127129086
4864,0.4979195095018957
4865,0.5150274373262755
4866,0.4897374570641486
4867,0.4213057457666291
4868,0.44138896538655326
4869,0.4183304539710848
4870,0.345648325822788
4871,0.37890783768012254
4872,0.3610560869068567
4873,0.3953782029768859
4874,0.3960157655045025
4875,0.4741171751375411
4876,0.4979195095018957
4877,0.4555216014153891
4878,0.465935122699794
4879,0.4587094140534722
4880,0.48028027957116864
4881,0.4904812800130349
4882,0.4369260276932368
4883,0.38262695242455297
4884,0.43395073589769234
4885,0.3379975754913879
4886,0.327584054206983
4887,0.2963434903537675
4888,0.3856022442200974
4889,0.29336819855822316
4890,0.22939942495402021
4891,0.2427882380339696
4892,0.2863550107544402
4893,0.37295725408903374
4894,0.3900651819134139
4895,0.3503237843586431
4896,0.34766727382690715
4897,0.36105608690685653
4898,0.43618220474435093
4899,0.41280491206507414
4900,0.42651250640883187
4901,0.31015734511879467
4902,0.32163347061589426
4903,0.3908090048623001
4904,0.46965423744422463
4905,0.3729572540890339
4906,0.37332916556347706
4907,0.42449355840471253
4908,0.40589798468256055
4909,0.3887900568581806
4910,0.39049022359849167
4911,0.3676442330255622
4912,0.38751493180294755
4913,0.5414862822223662
4914,0.49983219708474563
4915,0.43841367359100925
4916,0.49568804065523736
4917,0.49420039475746536
4918,0.4845306964219463
4919,0.5202341979684781
4920,0.41014840153333804
4921,0.41014840153333804
4922,0.36849431639571745
4923,0.4558935128898321
4924,0.46040958079378336
4925,0.48017401914989927
4926,0.4711418833419969
4927,0.4949442177063514
4928,0.5232094897640225
4929,0.6325514632502763
4930,0.6280885255569599
4931,0.6332952861991624
4932,0.623306806599835
4933,0.5726737158649468
4934,0.6270259213442655
4935,0.6429649845346816
4936,0.6597010008846185
4937,0.6429649845346816
4938,0.5920662427466196
4939,0.6456214950664175
4940,0.6340391091480485
4941,0.5127959684796172
4942,0.4570092473131611
4943,0.5477556470772632
4944,0.5514747618216935
4945,0.49420039475746524
4946,0.5258128700851238
4947,0.4979195095018955
4948,0.4770924669330854
4949,0.41131726616730196
4950,0.32832787715586914
4951,0.40866075563556586
4952,0.3543616803668821
4953,0.42428103756217356
4954,0.40122252614670495
4955,0.3071820533232503
4956,0.40499477110177007
4957,0.44967727824556974
4958,0.43692602769323696
4959,0.41684280807331264
4960,0.3915528278111859
4961,0.4146113392266545
4962,0.40047870319781914
4963,0.3677504934468316
4964,0.44138896538655353
4965,0.44733954897764217
4966,0.5291600733551112
4967,0.5038700930929845
4968,0.500150978348554
4969,0.5146555258518324
4970,0.5611444601572125
4971,0.5180027291218198
4972,0.47858011283085755
4973,0.6109805977325801
4974,0.5611444601572125
4975,0.5648635749016429
4976,0.5812276797771367
4977,0.6121494623665439
4978,0.6050300141414913
4979,0.5804838568282507
4980,0.5898347738999615
4981,0.5723018043905038
4982,0.5801650755644425
4983,0.5440365323328328
4984,0.5537062306683517
4985,0.5871782633682254
4986,0.5176839478580114
4987,0.4961130823403153
4988,0.5053577389907568
4989,0.43990131948878125
4990,0.5117333642669227
4991,0.5065266036247204
4992,0.5090768537351869
4993,0.49420039475746524
4994,0.5700703355438455
4995,0.44882719487541434
4996,0.43766985064212294
4997,0.3751887229356922
4998,0.4274688502002567
4999,0.41014840153333787
