,phi
0,0.013425808634972164
1,-0.0037888105156234086
2,-0.010312245141112284
3,-0.01433381981588379
4,-0.009397476865453338
5,-0.030367645357332634
6,-0.03321134815670651
7,-0.05290052823056484
8,-0.029248326206767476
9,-0.012032969244619092
10,0.018310534289166715
11,-0.02354052228861798
12,-0.030792506761913425
13,-0.004234507718456094
14,0.04168950993872063
15,0.0338389294044659
16,0.018875993063254524
17,0.0306832208556318
18,0.05451258618949441
19,0.07817162034827088
20,0.018274499572926584
21,0.027495048598473397
22,0.04530443239803517
23,0.003473114449322564
24,-0.001832576964453852
25,-0.03174559696962624
26,-0.025364067810126865
27,0.03454168015230402
28,0.031723446607733775
29,0.029520075698828693
30,-0.011490736778214303
31,0.0027243242605879112
32,0.026115045870062855
33,-0.0007566411331950583
34,0.013743746389317064
35,-0.006506199977153082
36,0.0013483942519490215
37,-0.020060417964317862
38,0.01802745075257746
39,0.024404208441364043
40,0.019952637193604
41,0.039109028788933846
42,0.02154380158843406
43,0.029778516329553497
44,0.00551511121539299
45,0.005789459063196743
46,0.0118607332566502
47,-0.0025594393938384355
48,-0.016854420180043
49,0.009486101530102556
50,0.0037010391942223536
51,0.0018293883594690111
52,-0.0047751169994446315
53,-0.018721968782562607
54,-0.02203258824502854
55,-0.034159022827621614
56,0.0009450474322487092
57,0.02164302248605844
58,-0.010865175875033077
59,0.011208507843949733
60,-0.010667575184954573
61,-0.015666779679685938
62,0.013136143819331737
63,-0.001751063544097333
64,-0.0120735193675625
65,-0.03456154329838273
66,0.025036262086210133
67,0.020811066179089
68,0.025964650363134303
69,-0.010035093609407797
70,-0.002153879139479615
71,-0.02129321253170805
72,-0.02632426097305953
73,0.01483913093310841
74,0.01778034290730414
75,0.021593648136943127
76,0.01721373314719391
77,0.03372539496271663
78,0.04415934886804521
79,0.026135645568617777
80,0.031790587459041196
81,0.027199938733572994
82,0.018117699861719447
83,0.05846789063059085
84,0.0440415646317517
85,0.033875288757789265
86,0.06769701302638151
87,0.07382140965163847
88,0.0633824386277508
89,0.06143535393983614
90,0.06387095841310954
91,0.054371014908737636
92,0.0492318623186657
93,0.002065222444215166
94,0.010321481282677104
95,0.05755975311075786
96,0.09273830761692023
97,0.07123759359363305
98,0.07392431960702711
99,0.053918293739922005
100,0.08658979931011664
101,0.04133721967847606
102,0.04784132364128079
103,0.031298850815311974
104,0.056538557688637366
105,0.09691066146062777
106,0.07807285689380929
107,0.0646864467662199
108,0.05768777296332302
109,0.09469521995471837
110,0.0705953729055889
111,0.052943290529090206
112,0.06547327851861844
113,0.06577032144978712
114,0.07284251079580772
115,0.10257944469578206
116,0.08255098935747109
117,0.06263683578492427
118,0.051624614696950705
119,0.02470824582605352
120,0.003744865200460347
121,0.0012636049482979805
122,0.02326665058921302
123,0.037947477305084784
124,0.05372058975622607
125,0.04988355650704814
126,0.050543071497890495
127,0.0619428502383337
128,0.05299059900585759
129,0.07314731550451223
130,0.05761980576307651
131,0.06965646343592136
132,0.07121107664642436
133,0.05313612495653744
134,0.0002721485398380107
135,0.0013933122192852359
136,0.01889136905601547
137,0.00475339456825276
138,0.0492694611953979
139,0.007408394684875281
140,0.012959806858205676
141,0.03961665528947011
142,0.007100402630262479
143,0.0152833525128354
144,0.044133451682540986
145,0.02601564789766582
146,0.05555353499691808
147,0.032282796302164136
148,-0.00351095068482824
149,0.008866605437885566
150,0.05146324055411619
151,0.018364276482674784
152,0.0115481077454856
153,0.022317087120722653
154,0.017172681312394522
155,-0.018245962281139748
156,0.008341932886438136
157,0.024631808549180567
158,0.02450304567698093
159,0.0035950304303119397
160,4.9226157266415113e-05
161,0.031185345886024805
162,0.04298227382912471
163,0.03704581256260414
164,0.0097134950506843
165,0.0072761640983772845
166,0.004257467154903544
167,0.04233013695381058
168,0.0418251197021305
169,0.024024087929346783
170,0.03693658694032334
171,0.02291863963597479
172,0.05681172503795656
173,0.0027402905025911478
174,0.033952139209131905
175,0.026229377148289084
176,0.03316932115158077
177,0.08154948395566165
178,0.09610328903459857
179,0.031760543772609964
180,0.004180882315719942
181,0.03574118466243052
182,0.08189218266571946
183,0.051157402909237606
184,0.0535346317324512
185,0.03723047203804603
186,0.04009020010434732
187,0.08831616029388702
188,0.06802637210356419
189,0.08139655037699133
190,0.08469210372754848
191,0.12031608027623497
192,0.05845010937216765
193,0.020620563236148727
194,0.04169054287489459
195,0.05538526969418
196,0.05175975226096686
197,0.04117473881831213
198,0.035096957126962765
199,0.03736168444460102
200,0.04118298755147273
201,0.05931467694977207
202,0.056649256329982994
203,0.06316941767621803
204,0.062422929459528265
205,0.04428052703748184
206,0.017257470616045593
207,0.029585799951954657
208,0.02235397769836406
209,0.002996724285892242
210,0.06038335271535117
211,0.006335911811683659
212,0.035174633927244583
213,0.032227519460626186
214,0.019812202142638673
215,0.08343898982999347
216,0.043536163718064125
217,-0.013125491079585432
218,0.0145307170238902
219,0.04392578724288189
220,-0.012601438289842403
221,-0.019736016980770228
222,0.0050332612464717204
223,-0.04204327708114744
224,-0.00691403269109456
225,-0.009791468234663824
226,-0.016954585476455005
227,-0.011925396320216608
228,-0.021329365297796634
229,0.021005346717179848
230,0.02488709134645929
231,0.026140751224563392
232,0.021167753796188453
233,0.06928618533001883
234,0.03998239108024807
235,0.03164476638374015
236,0.06593629953671148
237,0.030866301414350743
238,0.053319616085685154
239,0.07907397863361135
240,0.08828524598982353
241,0.10340449508661716
242,0.1036119086703483
243,0.0675074206296987
244,0.04596917109467156
245,0.05847428007863834
246,0.06242455264494447
247,0.06352607578085535
248,0.016830336751882117
249,0.023492302874530042
250,0.0016273165313803598
251,0.013741060755264769
252,0.031377885188851026
253,0.013354742626203706
254,0.034744135642400115
255,0.05190637017274492
256,0.0606007119988144
257,0.0231050993716056
258,0.03507972184908873
259,0.05364143733283872
260,0.0034284916066075017
261,0.00169023710060559
262,0.050593862445187196
263,0.023389776581149022
264,0.005053919969950918
265,0.013634019055180377
266,0.014137796783451747
267,0.04176842626241119
268,0.07921323318609225
269,0.019222912055394503
270,0.031454027341102905
271,0.039139249550137666
272,0.055162391580301534
273,0.05936375617426628
274,0.02562475533697719
275,0.0009518352985347558
276,-0.006238758045483799
277,0.012856277141112793
278,0.031145533574634253
279,0.00030070184693250927
280,0.03469685667809495
281,0.06482089078737636
282,0.0129618727305536
283,0.029813695184392346
284,-0.002142015129710145
285,0.0073911889194632555
286,0.043368857570344685
287,0.017655239580406535
288,0.014791999531113768
289,0.008394465068999516
290,0.041912476589985356
291,0.07421637493209869
292,0.06629301666627298
293,0.06190498574944262
294,0.04084288593808084
295,0.038009305913211805
296,0.012495723391476529
297,0.10851643718662074
298,0.04933878596890161
299,0.034992630573392795
300,0.048388927375790196
301,0.04941410177221431
302,0.06324957352331734
303,0.05087048275257367
304,0.093928751801178
305,0.06448803448343311
306,0.07923251958008314
307,0.0684854974766583
308,0.07491272147565832
309,0.05631116416805566
310,0.06119978546724908
311,0.11413289482644848
312,0.09478543955139829
313,0.09823137365265296
314,0.08952865028734333
315,0.08481977463864993
316,0.051332028147561104
317,0.06996991529602507
318,0.06869184861175334
319,0.04332807134770437
320,0.06692558677920606
321,0.07152536961169824
322,0.08680795543005704
323,0.0738798738390847
324,0.0625226225565464
325,0.04482060509415228
326,0.052762895604423495
327,0.08649606773044533
328,0.09641827554273204
329,0.0731033419359637
330,0.07399889759878704
331,0.07830907464056285
332,0.06339501093661089
333,0.05187679868570754
334,0.0765480217575785
335,0.13096792468934496
336,0.07991889091144838
337,0.08422818257936096
338,0.12238047700104926
339,0.10359220910188774
340,0.07462400105880547
341,0.036820927601301914
342,0.0048295957454289
343,0.017001833669221568
344,0.08194291458809197
345,0.07233111885231129
346,0.0431008844143574
347,0.06137196117121707
348,0.06831594838181831
349,0.05389179154894445
350,0.04947439573231149
351,0.07772573131443453
352,0.04777987869516125
353,0.06097764516492354
354,0.06871404198326249
355,0.09477429859695058
356,0.133313722740408
357,0.11705200196652148
358,0.10413002945520668
359,0.11525428505744312
360,0.14664007500759715
361,0.12341890249296228
362,0.1015425243394369
363,0.09598087134175316
364,0.0770637372767747
365,0.11182462187096226
366,0.11295655759908084
367,0.13200511065784917
368,0.10372172454187127
369,0.06958802403628106
370,0.032798733164826115
371,0.0693184276948775
372,0.06978730305348131
373,0.08114050025569772
374,0.08130700956694006
375,0.07863310671833415
376,0.060973779032386696
377,0.08789227280055598
378,0.05213538687874294
379,0.0822899516300804
380,0.04840123407249133
381,0.02235580747101511
382,0.05354476926318711
383,0.03190910950688753
384,0.0782378315570218
385,0.0730956096708901
386,0.055214923762862904
387,0.04938267100006384
388,0.04510822834182542
389,0.04773109459528818
390,0.0744693071485715
391,0.10208434363137207
392,0.09240065553788375
393,0.05031597310192985
394,0.056130606924847386
395,0.06650267319712469
396,0.08237406214710281
397,0.08991529305348767
398,0.10543102732254027
399,0.08571111001939108
400,0.0837691162311911
401,0.048554698875479696
402,0.06895090900418255
403,0.030634584318069404
404,0.01219239430587762
405,0.05928956184451384
406,0.05832730801731488
407,0.037713709092686676
408,0.020219724975727996
409,0.04605664603237493
410,0.050913069235402966
411,0.055522237030847105
412,0.02938909939197058
413,0.06292230983094471
414,0.040187030492540576
415,0.042530187178244486
416,0.06165480860810954
417,0.02956915492332287
418,0.016999897998912404
419,0.0670987068819617
420,0.035092787189668934
421,0.08618255684541751
422,0.09601873583064438
423,0.06455880536758053
424,0.07383070607720423
425,0.08376259397706402
426,0.0737124201290547
427,0.05685761691654252
428,0.08621682081393083
429,0.048574147588012206
430,0.08548128172068492
431,0.04957521030288997
432,0.03970314416373353
433,0.07853623206144773
434,0.0675412167388862
435,0.029800650676138362
436,0.029893732981643262
437,0.03597592678607849
438,0.016738523482248118
439,0.0034330365257729104
440,0.022105010567977566
441,0.02210604350415156
442,0.05292688160015526
443,0.05090616331926847
444,0.09106855153548281
445,0.05151535956220793
446,0.08136576887900734
447,0.05207745391561485
448,0.059698427494629384
449,0.0790235713483221
450,0.04001234622929282
451,0.05047112011525862
452,0.07752882416721561
453,0.02177045729746304
454,0.05073997864510932
455,0.0378911675273729
456,0.01621795316303441
457,0.05051535929596632
458,0.024319714262334105
459,0.05355529045593042
460,0.021462890569510163
461,0.03990143839667168
462,0.0630922425877922
463,0.061808539023256885
464,0.07654812505119599
465,0.09507587169105373
466,0.08399717378217038
467,0.060599029788473965
468,0.14252087310815542
469,0.07483156220484712
470,0.0630538321183519
471,0.11937905960414275
472,0.06339982146793541
473,0.08039286105298556
474,0.03790096566479448
475,0.06259478052641301
476,0.07742916058265963
477,0.057261229348401874
478,0.08682855512861203
479,0.11239517154476465
480,0.08238557200732698
481,0.12022364724489663
482,0.09940021471464393
483,0.0809718365347211
484,0.08770470027150085
485,0.10991836767438133
486,0.10606601745736666
487,0.0884651834713273
488,0.10909883611396147
489,0.08400155638279413
490,0.06341968335493747
491,0.05492298648763974
492,0.06913775240182082
493,0.05653026468678354
494,0.09444467313096516
495,0.08144167493156237
496,0.038416046666055144
497,0.056748184707027007
498,0.07640864915524927
499,0.05540465938178831
500,0.03914771962676414
501,0.048526986673555365
502,0.043936529779090974
503,0.07435363739338693
504,0.0724085890653583
505,0.06601495024824301
506,0.08512919804767523
507,0.10552847747243779
508,0.13036879219598607
509,0.10045413424916638
510,0.0914993744574105
511,0.09230780933207576
512,0.07372140233370017
513,0.08900300382464614
514,0.06706575187794447
515,0.08808720261281323
516,0.043436264033811144
517,0.016882544297360247
518,0.02916017122335896
519,0.020432087972958275
520,0.07318060556177595
521,0.07460318609287976
522,0.057547323156126595
523,0.07854346261466551
524,0.04809188444462133
525,0.025855218153618784
526,0.03848023627115126
527,0.026354834624732114
528,0.060000812181440565
529,0.09079432173752758
530,0.10433452130518854
531,0.09548919372294824
532,0.12995765929436934
533,0.1344255752380585
534,0.08882831956139847
535,0.07491685322035414
536,0.06032370802942049
537,0.06296622437456904
538,0.052757184943004756
539,0.07209003154930896
540,0.08468028398647215
541,0.0647655696771452
542,0.11961217854237453
543,0.07902959189059316
544,0.09128272347303791
545,0.08246885617541021
546,0.05542062562379153
547,0.11648288364713157
548,0.09657525232871182
549,0.08774102143222608
550,0.06228546041100524
551,0.05537963281391634
552,0.057097612258446624
553,0.05913240798376137
554,0.10272255062456871
555,0.05880231109502583
556,0.05983123357413845
557,0.08713572083428558
558,0.0383064964066912
559,0.05965575247441379
560,0.046517040441339946
561,0.04295013475788346
562,0.025613599626298417
563,0.04838966518734296
564,0.06584988704764419
565,0.06405499812684712
566,0.022624016726699333
567,0.033932129759819164
568,0.024631808549180567
569,0.029673127327347473
570,0.04319913140073205
571,0.0436127190447856
572,0.04887848009732298
573,0.08147360741556875
574,0.08395094251027017
575,0.10370212826702824
576,0.057878689080733035
577,0.047718404236579595
578,0.041707069853677954
579,0.059024864571821094
580,0.023761308966691347
581,0.05289388666751279
582,0.08806840317444722
583,0.048053488731412165
584,0.0764848208199633
585,0.06064185237100014
586,0.05322177012158982
587,0.04674366663790674
588,0.07755379171016333
589,0.07448514492456315
590,0.12381221507554417
591,0.04498431072149383
592,0.07623012827192689
593,0.0688101345599028
594,0.05350470609586852
595,0.08678514229684357
596,0.12300254067747006
597,0.05742703036055344
598,0.04717713092519351
599,0.06983513188155431
600,0.05575106190584134
601,0.03923838191037575
602,0.05829428357221025
603,0.04926367675282369
604,0.07028649547711277
605,0.09592872282119927
606,0.13863340306122604
607,0.1388234338047726
608,0.12587457544047256
609,0.13948058779864594
610,0.10934054317866804
611,0.08441771161105159
612,0.09336476865019584
613,0.07202864562811363
614,0.08329644463798692
615,0.08706043454343496
616,0.07522764895886766
617,0.0785282341842151
618,0.06110333874106326
619,0.05888568380049551
620,0.07884121384492492
621,0.06287638843989668
622,0.06441894580962639
623,0.0745561223959452
624,0.04232706765775083
625,0.08303590862245212
626,0.09872201833528392
627,0.0973602838209214
628,0.07319025613688691
629,0.06671982589335322
630,0.09692833942543358
631,0.07707881814491443
632,0.11856056097989691
633,0.16136080257224605
634,0.11344773350602988
635,0.12075909184501538
636,0.0894969686592649
637,0.09233664300756035
638,0.11747565336015564
639,0.1026918871764332
640,0.116099015052426
641,0.07007374013773922
642,0.061609861128311245
643,0.08839979861151573
644,0.11010506350970906
645,0.08965484557533912
646,0.09906979318882513
647,0.06512706782556912
648,0.08069498012763779
649,0.06381866233024502
650,0.08559823960803938
651,0.06850078493203286
652,0.07778502185081981
653,0.0907321389798551
654,0.08398166498332987
655,0.061705451993095635
656,0.08151702024733713
657,0.09157232926375411
658,0.08207755044025204
659,0.07447564191176272
660,0.08561225802754312
661,0.06270155661433836
662,0.10315880383952526
663,0.08519282691599117
664,0.06768328973149886
665,0.0436625951057568
666,0.05667360671526713
667,0.061936682133752086
668,0.11806383673007059
669,0.08980677573029762
670,0.11241875200199297
671,0.0756419744144741
672,0.13329028984549018
673,0.04947932431348442
674,0.0696121062053654
675,0.07744636634807156
676,0.09246357610710887
677,0.07683477959570084
678,0.07361179738947995
679,0.0629419061057878
680,0.05890951511365187
681,0.049615907988144026
682,0.07824166817709641
683,0.08870643309287111
684,0.09669398096379304
685,0.08685597220591512
686,0.04510354106843099
687,0.05266433873719677
688,0.04477406394139982
689,0.06821486819908076
690,0.07407323949085001
691,0.02030141547085712
692,0.03914532911733295
693,0.048213711888224334
694,0.06414630968462517
695,0.03532910215394476
696,0.04273029642760268
697,0.05814152706831264
698,0.04512000902229009
699,0.024470139281724756
700,0.03132160492360112
701,0.02965441642636773
702,0.03834923045183102
703,0.01599991509294252
704,0.07384183227542084
705,0.05922678883759927
706,0.06155240036457692
707,0.09182191615584501
708,0.11171998543654015
709,0.10661182093168706
710,0.1177059981269488
711,0.10962448257665865
712,0.12693819589489425
713,0.11919451817854927
714,0.07645374419735815
715,0.09048343746162771
716,0.10149955419460018
717,0.12905846839062463
718,0.12359810216291327
719,0.11060352899480005
720,0.11195635074560435
721,0.11380943824168845
722,0.12606053346424742
723,0.09257625468745685
724,0.09336060739303793
725,0.09604919269154508
726,0.08816765358453374
727,0.08844415584207176
728,0.1501381281169436
729,0.09846765042433077
730,0.06534371880994162
731,0.04216896939821072
732,0.013963289594976733
733,0.08753021391535189
734,0.08107031962079264
735,0.03932786369550282
736,0.04511077162164872
737,0.03774956673415403
738,0.07277963449527573
739,0.04249570186626527
740,0.0681925567777233
741,0.04156650199663307
742,0.03611274656043495
743,0.07178870931113378
744,0.15051937010252123
745,0.12103417229629039
746,0.09839425293105529
747,0.12036864197125856
748,0.12050203830000993
749,0.07983230134760845
750,0.09940425792195341
751,0.09376740717080544
752,0.09270546024658824
753,0.1283318125484749
754,0.12586409851642247
755,0.12389662071718772
756,0.10544138619674193
757,0.08163008248969258
758,0.060619511437180466
759,0.03951795346397359
760,0.062012352086610184
761,0.09252924133531064
762,0.07100714553322256
763,0.01802594561700971
764,0.06271029230312389
765,0.0974238536643131
766,0.05355685461642249
767,0.045570162606901846
768,0.06499045463844735
769,0.06248815200079825
770,0.05994729133139843
771,0.06532288301168973
772,0.04550443835377591
773,0.08804077950990928
774,0.09873585968001503
775,0.12175687867659851
776,0.05408081886877916
777,0.07296312822846418
778,0.08409021181898202
779,0.07245067383633153
780,0.059416908118532105
781,0.09921666195653123
782,0.07785337271307391
783,0.04708217457834443
784,0.0508493813421628
785,0.0883939256315552
786,0.06710061043576808
787,0.04963947368914132
788,0.05430676627871732
789,0.07986731180781059
790,0.06274561872027332
791,0.0641397874304981
792,0.07687305725906164
793,0.035993958900429605
794,0.04119446789923477
795,0.07185366624024482
796,0.04921917195995708
797,0.11129966895112485
798,0.08803493604241087
799,0.05793278542378641
800,0.09122402318589487
801,0.044529228555709205
802,0.0837702081922893
803,0.08520811437136576
804,0.09495705451858623
805,0.11023713177766539
806,0.11389611634291472
807,0.07066387133015355
808,0.10958365642539315
809,0.09066119102093519
810,0.059511672634377406
811,0.040339964071210876
812,0.08055709790464517
813,0.09281819785186046
814,0.11470224924553526
815,0.07366154064437164
816,0.024040863160017297
817,0.04797970757612935
818,0.058530294731729084
819,0.049402887036611366
820,0.023934340532060713
821,0.024180887640553827
822,0.0664697668018686
823,0.06816083088095155
824,0.10253839286098271
825,0.04844582740274426
826,0.03025351940726448
827,0.034571340176727666
828,0.08103204195743197
829,0.05847211091267303
830,0.08080686187150866
831,0.05463101969995442
832,0.03912272257135433
833,0.03590117171954584
834,0.06848670748760491
835,0.029021403626502938
836,0.07216425539152356
837,0.06271563405876637
838,0.0833422627354176
839,0.11215966209710179
840,0.09999993745724507
841,0.11807035898419757
842,0.10913085713535418
843,0.05015760923023074
844,0.06903413414734161
845,0.026268008961195247
846,0.058050982834549604
847,0.0007852964748303021
848,0.026151198636151406
849,0.036023884537012316
850,0.02284305822050302
851,0.04573732119231067
852,0.05005171851616876
853,0.06038745494758489
854,0.06282881435097029
855,0.061809512934506594
856,0.03725476079436515
857,0.0543336816441645
858,0.08849397287811875
859,0.09238409904663826
860,0.08256890342197377
861,0.10923541978862111
862,0.08872856743945601
863,0.08845395397949334
864,0.06866614325725277
865,0.05847817572363725
866,0.04864259913984287
867,0.0777661928999917
868,0.10594315707758963
869,0.0797558935831976
870,0.11596446773765223
871,0.07297921252031582
872,0.08373250341789894
873,0.10669548008164187
874,0.1057301019537324
875,0.09751914940447656
876,0.12347955060260479
877,0.08277847141543922
878,0.13758329063431624
879,0.10772278805547413
880,0.14101998733492951
881,0.1276273648340652
882,0.09899778278126908
883,0.10119569388468326
884,0.112329270216866
885,0.15149204182884618
886,0.09669386291394462
887,0.10049838818610501
888,0.13549150634466098
889,0.09127646683106995
890,0.11280681136631886
891,0.10757150717468214
892,0.15386156789944821
893,0.17900715953109478
894,0.1521326688439361
895,0.1326646846736158
896,0.13326129385146393
897,0.1122061147124678
898,0.10133812102684124
899,0.07918096130877142
900,0.09645687784317604
901,0.14916161977054404
902,0.08491679685784687
903,0.12918814614914978
904,0.08423877755325962
905,0.0814797755201504
906,0.0684728366304118
907,0.07027286071961648
908,0.058628482693179475
909,0.040041770154019676
910,0.08512993585922798
911,0.06073943098690933
912,0.07992508852849219
913,0.12146653507432953
914,0.13741769620939936
915,0.16029262851852294
916,0.14869137861539636
917,0.12796582850580984
918,0.14366943910867472
919,0.09435004219784311
920,0.12150758690912886
921,0.11516453245207556
922,0.1190630215203855
923,0.12246677144026814
924,0.12913047879818076
925,0.1458364063955632
926,0.13434302888152802
927,0.09470959252376754
928,0.1338490050219851
929,0.1464192627660667
930,0.11960273455449823
931,0.13397332626863673
932,0.1614123313310956
933,0.15035401177730126
934,0.14777837067130115
935,0.17697962387145974
936,0.14942977000130403
937,0.15203932092627226
938,0.13148604547420317
939,0.07268739329494102
940,0.08503858610885183
941,0.07554836088465121
942,0.06907533354445151
943,0.08040159674177108
944,0.11860828263113389
945,0.09980193834892806
946,0.11194770359420525
947,0.07210874245028874
948,0.06672624485386285
949,0.08648644666779641
950,0.11556926635749508
951,0.12052544168246566
952,0.12026800447545266
953,0.08718137661317454
954,0.08600610183444299
955,0.06950172959706218
956,0.04442693836202506
957,0.10138864636197895
958,0.11362144385802775
959,0.09712746000731094
960,0.07802439743101953
961,0.14143977259602683
962,0.12238800267888807
963,0.17600562408433973
964,0.1209781923637433
965,0.09717621459472175
966,0.058044726192581546
967,0.0996104910072001
968,0.08615643831644726
969,0.10383638045718083
970,0.1298610893102537
971,0.1300640760246679
972,0.09777257291664201
973,0.0947812539898597
974,0.10617494795502613
975,0.13702163896784103
976,0.09973736508182439
977,0.13656797340023777
978,0.15944889673917034
979,0.1235205434124799
980,0.14424074135026096
981,0.11099483472995816
982,0.13597444827468047
983,0.08950415494378944
984,0.08590992072041624
985,0.08982368637108838
986,0.059568395586558784
987,0.10072306656017224
988,0.11778667044213503
989,0.0848950166608074
990,0.08041962885612212
991,0.07797460990743467
992,0.09806251810067257
993,0.09766635756549684
994,0.10605831470475507
995,0.07309053352740662
996,0.08690567119211368
997,0.09103529099068139
998,0.07654296037032614
999,0.062129398511350964
1000,0.06785260272664197
1001,0.04640388966159808
1002,0.05844912070468688
1003,0.08469453590163208
1004,0.10464029992514283
1005,0.14423026442621065
1006,0.15737417065261639
1007,0.1207817279034561
1008,0.1071806441264557
1009,0.10471089373451743
1010,0.12833402598313334
1011,0.12977054507649058
1012,0.15038620987346668
1013,0.19056301058735545
1014,0.13539199032241547
1015,0.15210811447545805
1016,0.16356924962463448
1017,0.13746028269222868
1018,0.12665639007431181
1019,0.10537315338433641
1020,0.12016102180029256
1021,0.056256954983235255
1022,0.097281662621852
1023,0.09286146312131832
1024,0.12763366574472637
1025,0.1489896506538108
1026,0.0990461537066726
1027,0.1467813511637328
1028,0.09768011037284158
1029,0.09063321320685189
1030,0.1017829623682727
1031,0.07547640950201931
1032,0.08380712828239277
1033,0.07425031426352886
1034,0.05121491401776019
1035,0.08988466953397733
1036,0.09914891609975049
1037,0.05033866818529483
1038,0.056597169438394115
1039,0.06734301104333434
1040,0.09561656950942861
1041,0.0807555987248182
1042,0.053981268125989926
1043,0.09573243543568474
1044,0.06781128527968357
1045,0.04811829809821262
1046,0.06437231611948759
1047,0.07052504470837326
1048,0.06627949995862518
1049,0.11829958227743038
1050,0.1475182183177738
1051,0.16486586489134436
1052,0.13124227253714874
1053,0.14025065647256407
1054,0.12262486969980821
1055,0.08375182192839271
1056,0.12068076577056712
1057,0.1403375559172562
1058,0.08441470133991599
1059,0.07971177245233836
1060,0.05436859488684444
1061,0.11323155472105105
1062,0.09774943514634532
1063,0.0917454493665099
1064,0.08351731590444172
1065,0.06596832055810423
1066,0.06643131206373522
1067,0.07607205952484888
1068,0.08809759099947712
1069,0.11076956610664854
1070,0.1308242727800092
1071,0.07130187173611546
1072,0.09965419896358958
1073,0.08546015079781194
1074,0.1130389563933007
1075,0.16013615344439902
1076,0.14211389625561524
1077,0.1546337024457144
1078,0.07081630319696793
1079,0.10168179364814875
1080,0.09397437806760493
1081,0.1563959505834142
1082,0.19333787990891838
1083,0.17161898025322875
1084,0.17483964573117378
1085,0.18819497923615813
1086,0.1550493707183468
1087,0.16073810437788974
1088,0.12873625132927335
1089,0.18554653088612466
1090,0.1394716307663945
1091,0.1416647460947152
1092,0.11754781133002225
1093,0.11453571042183072
1094,0.12759379440841162
1095,0.12550307256739232
1096,0.11790851264196907
1097,0.10406616448719369
1098,0.06989206142097062
1099,0.10042084419190275
1100,0.0935268215796591
1101,0.10496936387770434
1102,0.09461137504985492
1103,0.13417486687240732
1104,0.10778907304538027
1105,0.07631983747661485
1106,0.06070530416454334
1107,0.08036992986992357
1108,0.033740328268545824
1109,0.09491792099382415
1110,0.1123122710386888
1111,0.0931998825243697
1112,0.04291787763679375
1113,0.09666759682266388
1114,0.10810323320457463
1115,0.07793506320820302
1116,0.0660847472211406
1117,0.07158731626967371
1118,0.09040298648990723
1119,0.05837603309226369
1120,0.03216949796011181
1121,0.05354189179813107
1122,0.07848449671536342
1123,0.0647216256210587
1124,0.1160599110401262
1125,0.10410087114263876
1126,0.11072125420616935
1127,0.0905337266970685
1128,0.1433555150491772
1129,0.1523244998476716
1130,0.13495842274151132
1131,0.19692913337361823
1132,0.12809931337194763
1133,0.15236217250555903
1134,0.150396214598123
1135,0.12138753021325263
1136,0.08558227336603612
1137,0.10282749693984305
1138,0.0758364910522617
1139,0.12827691936894442
1140,0.11288622940186509
1141,0.08875657476600148
1142,0.13685329988394762
1143,0.11675472293565582
1144,0.12228518126088597
1145,0.09572472400293729
1146,0.11852889410804947
1147,0.11162578165747505
1148,0.12342732830089553
1149,0.10350722796723302
1150,0.11518130073863739
1151,0.17070604175022078
1152,0.08890092021819684
1153,0.11193855473095014
1154,0.12946762916536125
1155,0.1213173200658854
1156,0.1072472832659072
1157,0.10788070924024158
1158,0.12199415887198822
1159,0.0760781095795821
1160,0.10665759476042451
1161,0.08596401706346958
1162,0.07710222152737017
1163,0.12664024675753593
1164,0.126962139181804
1165,0.10175147257119797
1166,0.09860491288561896
1167,0.12676369738655527
1168,0.10836621875446491
1169,0.10961716348605458
1170,0.11695227935704124
1171,0.1385003018570958
1172,0.11477667967498456
1173,0.12112153439222689
1174,0.11309774521783018
1175,0.1510573675306127
1176,0.12306928050649815
1177,0.14869609019317137
1178,0.13183202006755565
1179,0.1810070125012676
1180,0.17014424252143495
1181,0.2077318454930506
1182,0.19750017000304543
1183,0.19828896433417448
1184,0.1989935596108946
1185,0.1532126478825044
1186,0.13363059804611685
1187,0.15846424295322742
1188,0.1246908896100387
1189,0.10756038097646553
1190,0.17420533438297603
1191,0.1414005800463405
1192,0.1430071204339316
1193,0.14739559403769362
1194,0.14574646716727335
1195,0.15241176819814012
1196,0.15460333412219987
1197,0.16262977421010527
1198,0.14919957279682156
1199,0.12431265789559659
1200,0.10489063938501753
1201,0.15093800437759616
1202,0.13102665448895004
1203,0.1578575552695676
1204,0.15468632316566208
1205,0.15063618042756505
1206,0.1613269517782022
1207,0.15798124199828378
1208,0.191532986263465
1209,0.15337183810314267
1210,0.14988429143030843
1211,0.11164980480163507
1212,0.09339121181624928
1213,0.08348237314929975
1214,0.10304270181357211
1215,0.10162046675187776
1216,0.12313437284572945
1217,0.11418073452753395
1218,0.1223156971467109
1219,0.09923335125385624
1220,0.08416346174994689
1221,0.10812138336877429
1222,0.11849923408362589
1223,0.07532155761331165
1224,0.10893648805987706
1225,0.10914822521930782
1226,0.11970954015488568
1227,0.10140234014439949
1228,0.11442586503784567
1229,0.13524118164101728
1230,0.12855625482284533
1231,0.11831198792768095
1232,0.11306513394719514
1233,0.12519251292857572
1234,0.09087962750926558
1235,0.08418485828497886
1236,0.12427305217144091
1237,0.12357047849837535
1238,0.1535236797207148
1239,0.1518039295284579
1240,0.12029641282427739
1241,0.17195486158453843
1242,0.14876910402443932
1243,0.1869148171670763
1244,0.17333613334881973
1245,0.12294310257877425
1246,0.16187794944585457
1247,0.17819665878408153
1248,0.19741092431761537
1249,0.15389066718709168
1250,0.14111011839422308
1251,0.11132295428373212
1252,0.08322974647361128
1253,0.08732126568359086
1254,0.10558992241855736
1255,0.1439311556226939
1256,0.1825584973907866
1257,0.14798374789514637
1258,0.13823527994731977
1259,0.11280926090067409
1260,0.1403065530758064
1261,0.09345678850706463
1262,0.1611287755951124
1263,0.14978610346885812
1264,0.11079482877421745
1265,0.1193663102205098
1266,0.09559890630085383
1267,0.1184298797976599
1268,0.1485142639140922
1269,0.157101475502691
1270,0.09245020696177171
1271,0.11835297032139303
1272,0.15819520734860398
1273,0.08588837662307365
1274,0.09083888555531835
1275,0.1173710021695025
1276,0.08124122628888988
1277,0.1114877935368242
1278,0.05991183210816948
1279,0.11705291685284698
1280,0.1379671297165597
1281,0.16153353901299433
1282,0.1532802609332057
1283,0.12285767875718774
1284,0.11539346062068714
1285,0.1496642760252551
1286,0.17995008269560964
1287,0.1767174351580466
1288,0.21351398609518157
1289,0.14556163061705876
1290,0.15979189057384924
1291,0.0969416200333844
1292,0.10945708789155291
1293,0.14430684926539425
1294,0.13550183570640054
1295,0.13543406988530718
1296,0.11791097693255549
1297,0.14999570097478565
1298,0.19793692492985787
1299,0.15155420549021953
1300,0.13499280475987313
1301,0.1352629618380568
1302,0.11670685372210834
1303,0.10931516246125084
1304,0.09800849553877446
1305,0.11629058044400241
1306,0.1055396036706544
1307,0.11285757280115333
1308,0.13345007031537076
1309,0.13536168102382518
1310,0.10468515886755483
1311,0.09182817279781298
1312,0.0870731839270678
1313,0.08604423193549314
1314,0.08914729025191734
1315,0.08741762387239033
1316,0.09769522075344349
1317,0.10881150278282795
1318,0.1359674833336217
1319,0.11522134394164332
1320,0.11887761336037836
1321,0.13588236939288748
1322,0.11586970322180691
1323,0.12625041664548345
1324,0.11530979279059643
1325,0.10837755153991627
1326,0.11358496645485597
1327,0.1157003016892775
1328,0.08063138077178392
1329,0.11902904180348084
1330,0.12179881588526131
1331,0.1332700442964805
1332,0.1345586469297266
1333,0.09882551853991464
1334,0.10977443539665553
1335,0.114981555186974
1336,0.1587965532766214
1337,0.1426745297421474
1338,0.13972188168888294
1339,0.09649238133509816
1340,0.10006005434256951
1341,0.13935825864318685
1342,0.14793416695879635
1343,0.13874047427377242
1344,0.14720039861327724
1345,0.14886118290623224
1346,0.15444110411796397
1347,0.11889833110878174
1348,0.10504754238984208
1349,0.14918038969644795
1350,0.20194976391584368
1351,0.1953598967381383
1352,0.13788346188646897
1353,0.15548023270088615
1354,0.1170629215775035
1355,0.11067111253303914
1356,0.10907071073756767
1357,0.1686682652662327
1358,0.18061567725364744
1359,0.15211195109553266
1360,0.17925907790769255
1361,0.18062633125247018
1362,0.1527470419199357
1363,0.15308453428447127
1364,0.141891608390979
1365,0.15643700241821362
1366,0.1161760868472345
1367,0.13033784837946036
1368,0.0729850264753521
1369,0.10122311096198641
1370,0.18255377539684847
1371,0.18672812133174868
1372,0.17960605592475679
1373,0.16402158713144255
1374,0.15628161930518797
1375,0.15007547315987751
1376,0.11576705887857747
1377,0.08796980203852718
1378,0.08375061191744616
1379,0.0729452141639614
1380,0.0681652664304045
1381,0.03027739498911397
1382,0.050870040065641886
1383,0.036241037233240854
1384,0.05116687640957595
1385,0.06179944918492594
1386,0.09333068175645516
1387,0.10944413192068525
1388,0.07076256100345987
1389,0.08598694824653157
1390,0.06466997881236076
1391,0.07948012913721235
1392,0.07652658095385333
1393,0.09074866595863854
1394,0.14848073775713178
1395,0.16813317481565926
1396,0.13108140010617
1397,0.16359716841379354
1398,0.1628639017801303
1399,0.11671874724433992
1400,0.09149326537775306
1401,0.10061471155552384
1402,0.08782799465807356
1403,0.10620448992960141
1404,0.067571171887931
1405,0.05442965617095648
1406,0.08295203420512656
1407,0.07733840976166163
1408,0.09820324827625916
1409,0.08579408430662214
1410,0.08882849663617112
1411,0.12596913336908303
1412,0.11134863012577048
1413,0.11122146092652507
1414,0.17585874056040252
1415,0.15571214683625278
1416,0.1685946611857224
1417,0.16019293542150476
1418,0.17941630554960036
1419,0.22705409712545607
1420,0.16429862061329864
1421,0.1562495835275641
1422,0.16442635054932436
1423,0.18114518984888134
1424,0.16870187996057937
1425,0.19190192155234143
1426,0.1787561265283604
1427,0.17234742159933636
1428,0.13525614445930872
1429,0.1475014847517555
1430,0.13221757087260172
1431,0.14506408001829327
1432,0.10415009792944342
1433,0.06265047054242052
1434,0.0807833109267424
1435,0.08342892608041282
1436,0.09344415717328017
1437,0.08884579961910535
1438,0.06941732395541865
1439,0.07417685774532921
1440,0.11654964083643156
1441,0.10380925850449889
1442,0.10883195491907241
1443,0.14834810875239532
1444,0.16549715121217545
1445,0.19894822846908872
1446,0.17163938812078003
1447,0.16205738521550245
1448,0.19007961555424113
1449,0.23272769089193496
1450,0.24319286898217934
1451,0.20468553964126981
1452,0.1888657679875278
1453,0.1680351639289815
1454,0.18288320825518634
1455,0.2222679430947194
1456,0.23449657933361043
1457,0.21451434051096857
1458,0.21584313911761277
1459,0.16018045165003086
1460,0.2276503964224522
1461,0.1965319841709617
1462,0.17862491412180537
1463,0.20529015103641873
1464,0.2574678108066092
1465,0.2234422734746635
1466,0.19760862830131126
1467,0.2272952139409206
1468,0.22093362565766017
1469,0.200060523653671
1470,0.14824457903530236
1471,0.17822342658721824
1472,0.15886478608902696
1473,0.13299608011068423
1474,0.13153243906464507
1475,0.11501800307768376
1476,0.12664251921711864
1477,0.11377157375279727
1478,0.1350725474325028
1479,0.1710997970197343
1480,0.16497038327591804
1481,0.19316186758487555
1482,0.15648289429679957
1483,0.11533974793964125
1484,0.13618918094901566
1485,0.16315040876232484
1486,0.12783370121292922
1487,0.12406451711414934
1488,0.12907638245512734
1489,0.09622240133168718
1490,0.095438440054551
1491,0.14362971533467034
1492,0.13570123665666797
1493,0.104043026716897
1494,0.09695363160546455
1495,0.13010356369897524
1496,0.14150893765502967
1497,0.17282373798161144
1498,0.18005916075557984
1499,0.17457122988825488
1500,0.18205600345461717
1501,0.15752247077473502
1502,0.14105327739219306
1503,0.17664397863984702
1504,0.1434281452184376
1505,0.15073726061030257
1506,0.12676198566375255
1507,0.08652395700714222
1508,0.07915746938892933
1509,0.04572055811383036
1510,0.0664705046134214
1511,0.115915359000696
1512,0.10860470896080113
1513,0.04942280794853769
1514,0.0700162203490806
1515,0.04997994420830961
1516,0.09187798983386004
1517,0.060264447005497344
1518,0.10290337347993599
1519,0.12159249426262841
1520,0.15269936714143267
1521,0.16218653174970954
1522,0.16472693497594673
1523,0.13842073625923876
1524,0.15736974378329943
1525,0.1649710915750087
1526,0.20058853111333724
1527,0.21429752720805445
1528,0.14906225131060907
1529,0.18331680534855263
1530,0.17982403496992438
1531,0.18375955130517385
1532,0.17730387729269692
1533,0.18633814365738552
1534,0.17934003059126885
1535,0.20061653843988242
1536,0.190837554606231
1537,0.18737459181433702
1538,0.15943375684610625
1539,0.1793987013659498
1540,0.15825626863271613
1541,0.1503284982538044
1542,0.14374708639649436
1543,0.14936974165336583
1544,0.13379648759565477
1545,0.14415143663990654
1546,0.18518246515349707
1547,0.14509863911142776
1548,0.16885038666993277
1549,0.10410824925816708
1550,0.13985864243831528
1551,0.11580448068053689
1552,0.1256429616378086
1553,0.0985158737874237
1554,0.12462227313562566
1555,0.13223212051642338
1556,0.0942580223409743
1557,0.12258071905648694
1558,0.1183220707735605
1559,0.1555810229670841
1560,0.13005802596993465
1561,0.11786052537857321
1562,0.09243958247541095
1563,0.12247866496249968
1564,0.1627928357713619
1565,0.1865870517628478
1566,0.20017836691488866
1567,0.18767281524399024
1568,0.17716986120224112
1569,0.1787269387033304
1570,0.1494676640026573
1571,0.1802301264486013
1572,0.20035236371137183
1573,0.17408967504395456
1574,0.16199983591438186
1575,0.18443087128086166
1576,0.15632954754365966
1577,0.17731069467144517
1578,0.18103627410745277
1579,0.16953740727546457
1580,0.16086700005616897
1581,0.12336261701963092
1582,0.11182559578221209
1583,0.10322865983734701
1584,0.1416098529151849
1585,0.16057972574995952
1586,0.13765659959020526
1587,0.15962366953980436
1588,0.16788736551871888
1589,0.16628174001745344
1590,0.13699646483765845
1591,0.16032757127366482
1592,0.11305266493195228
1593,0.1251797340324807
1594,0.13633520427148352
1595,0.15182640760842497
1596,0.151994934183254
1597,0.15431732885186147
1598,0.204895579834129
1599,0.1408923164238281
1600,0.16123112481372082
1601,0.14389240575993942
1602,0.1283131606724194
1603,0.11259514798804326
1604,0.1049710460880448
1605,0.13070659183733305
1606,0.0973514891072117
1607,0.13607461357109232
1608,0.16394178543388863
1609,0.2037258238858127
1610,0.13978992267028484
1611,0.15512915765966973
1612,0.12933793665060506
1613,0.1316076368181094
1614,0.1276232478456005
1615,0.1205020678124719
1616,0.12259824945898214
1617,0.19737025614482323
1618,0.21759626790451972
1619,0.16905216337340034
1620,0.16712991342235411
1621,0.1729800654934248
1622,0.13378990631660354
1623,0.15103911407279563
1624,0.12976086498891742
1625,0.16317177578489467
1626,0.18721011886298042
1627,0.12674359939985613
1628,0.1533322323789869
1629,0.15401184535652837
1630,0.17811138686487368
1631,0.17432586327824612
1632,0.1288764060118487
1633,0.21002189450318187
1634,0.15498124119955864
1635,0.21140641263829577
1636,0.16276364794633208
1637,0.19385482019529207
1638,0.1796013339308186
1639,0.1999053818484238
1640,0.1928025724549471
1641,0.1869962125375843
1642,0.1429301519327405
1643,0.1715974361558861
1644,0.2013138293822297
1645,0.17897124286470306
1646,0.17887523882544903
1647,0.21723270388374807
1648,0.18165489958203745
1649,0.18869707475408892
1650,0.2206934532409834
1651,0.16429321983273193
1652,0.19623644637536056
1653,0.20318373898171838
1654,0.1953508659247316
1655,0.2241374690322006
1656,0.19952221634472728
1657,0.19170164998444159
1658,0.16524163231519992
1659,0.18968972641726448
1660,0.17689778581402013
1661,0.2018134458533431
1662,0.22146673877327194
1663,0.18402752446116127
1664,0.18172375215614725
1665,0.20892832063574251
1666,0.15897179827664923
1667,0.17134832146318912
1668,0.1642832741329998
1669,0.1486879595098591
1670,0.14225605778561415
1671,0.1555151511516476
1672,0.1512214715761928
1673,0.1349569471184056
1674,0.114861823128181
1675,0.12533972108959612
1676,0.12496352573503988
1677,0.118208979018743
1678,0.12734069553332922
1679,0.09334260479114885
1680,0.14117596069719748
1681,0.16271613443561736
1682,0.16938515248342292
1683,0.10962102961859148
1684,0.13634722018363155
1685,0.1774201859058848
1686,0.1537651949544178
1687,0.16071728333586893
1688,0.1476905415840523
1689,0.1774785077391019
1690,0.2169091882740636
1691,0.18804086515900334
1692,0.20716650476881132
1693,0.2311736236619813
1694,0.23708576665972045
1695,0.25862000683996816
1696,0.2311777849191391
1697,0.2492322402040885
1698,0.21946245893378205
1699,0.26458087491265647
1700,0.22959736306051817
1701,0.24009913660378288
1702,0.19840815041241824
1703,0.2235239049448684
1704,0.18607702954479874
1705,0.18315398509507447
1706,0.20120268544991163
1707,0.19298423207541657
1708,0.2231737395818961
1709,0.2003097859086785
1710,0.22788395804761555
1711,0.246083998308169
1712,0.21379435448525627
1713,0.19445876321997554
1714,0.1967382467686705
1715,0.20087542175753909
1716,0.2207015986805266
1717,0.20306830098616285
1718,0.20287143810763722
1719,0.2131138856463136
1720,0.16375119395356205
1721,0.21330680861114729
1722,0.16905830196552
1723,0.12169230540949497
1724,0.17758917426394466
1725,0.1851487619217638
1726,0.2219008670909562
1727,0.2531273539787051
1728,0.24169328175728647
1729,0.19043745415736302
1730,0.1750391204625965
1731,0.19988592792780957
1732,0.224542158668927
1733,0.20110136916747726
1734,0.19254151563125738
1735,0.14807553165231835
1736,0.12190874980663276
1737,0.10058820936454632
1738,0.11260231951633677
1739,0.1477167486504088
1740,0.15832854465243118
1741,0.14672005377992375
1742,0.18151158706601594
1743,0.2259953670596094
1744,0.2033489497446279
1745,0.19286452952908584
1746,0.18182855090911113
1747,0.13179628047593658
1748,0.12005412766251869
1749,0.1317188692878138
1750,0.10012852325467206
1751,0.10939567245789554
1752,0.13330675779934928
1753,0.14643729488041776
1754,0.15293528976356513
1755,0.17768455854149431
1756,0.2095407823458134
1757,0.1614174664995032
1758,0.16112570629905265
1759,0.15627692682371197
1760,0.1219544941229082
1761,0.11177644277656265
1762,0.13467678531556554
1763,0.11789762254344933
1764,0.14156893388646496
1765,0.11500780652202365
1766,0.10838237682747175
1767,0.08178700979889766
1768,0.08974733763160168
1769,0.06119994778579064
1770,0.119658513107892
1771,0.12165036820083226
1772,0.11570157072514828
1773,0.1488339429037018
1774,0.14566536692138649
1775,0.1173769341743872
1776,0.12303677513352136
1777,0.13721196483600864
1778,0.08408560787489235
1779,0.10370814880929921
1780,0.08058191788528224
1781,0.11383346138584867
1782,0.14267548889716627
1783,0.09965892095752771
1784,0.1265172388154484
1785,0.10275693264293051
1786,0.11734715610011501
1787,0.09389194976092295
1788,0.07156060749146134
1789,0.07679268006849646
1790,0.06964151797790188
1791,0.1020068386977814
1792,0.12431640597828499
1793,0.07145356579137695
1794,0.06221466001439579
1795,0.06834197837340206
1796,0.04700122189476807
1797,0.055073736144113684
1798,0.029075352407245757
1799,0.0210448343914872
1800,0.04619287555748911
1801,0.07038217487928361
1802,0.09307343638044596
1803,0.07070728416192193
1804,0.09371900673293988
1805,0.10533307546078675
1806,0.11144749687384953
1807,0.13627668539918103
1808,0.1708747054711973
1809,0.15388207906061682
1810,0.0882003533925551
1811,0.12634432529992737
1812,0.14091332929685255
1813,0.15773537367641918
1814,0.19697195595614442
1815,0.12894884435010542
1816,0.08987660221565727
1817,0.11910181953505189
1818,0.1071356376217332
1819,0.10703243254172347
1820,0.11823663219574301
1821,0.09584794721239559
1822,0.12008611917144939
1823,0.1175449633774285
1824,0.14574702790405358
1825,0.13692356905623904
1826,0.147498740092779
1827,0.16843408387936476
1828,0.1361762840030722
1829,0.12752671258202838
1830,0.1335520653844338
1831,0.12946978357509548
1832,0.15871430204471204
1833,0.15508639410206776
1834,0.12461519014471842
1835,0.1606201578230546
1836,0.17031134208191956
1837,0.11361539380329462
1838,0.13257532093833713
1839,0.1549137166862438
1840,0.1375527452360291
1841,0.16042130285333617
1842,0.14842613970222238
1843,0.15209571924137036
1844,0.1406372992387083
1845,0.18204830070200562
1846,0.17076244006531907
1847,0.1473608578697865
1848,0.16669193372836388
1849,0.17617216290804433
1850,0.17737154936832236
1851,0.1855309040374358
1852,0.1617109488389194
1853,0.20560697773336645
1854,0.1810193487104309
1855,0.22259263920288822
1856,0.21245600425705058
1857,0.24751367051031611
1858,0.27903970888851304
1859,0.2767117658770287
1860,0.24699294221262846
1861,0.2054827892927944
1862,0.20019920271314062
1863,0.19544807997493222
1864,0.17355532240493404
1865,0.18875512576706552
1866,0.16901441693435762
1867,0.1825850733629193
1868,0.12240181451115703
1869,0.1547150978162223
1870,0.19386007341354827
1871,0.1633074445732287
1872,0.16821144186518328
1873,0.1716891313756716
1874,0.15545547695325476
1875,0.151100234381832
1876,0.18147785432182062
1877,0.15567519723368706
1878,0.16430446408079713
1879,0.1601668168925346
1880,0.18448582348531614
1881,0.20452631990816936
1882,0.20423090016241685
1883,0.16606485293338388
1884,0.148798262337007
1885,0.1695611057825415
1886,0.14346795752982827
1887,0.15789795783020044
1888,0.13718555118241743
1889,0.14088791906697315
1890,0.13312813362240947
1891,0.1558050520669849
1892,0.13830731986733796
1893,0.16959938344590217
1894,0.1811646680738761
1895,0.16935794199335455
1896,0.1836896362824279
1897,0.16437570716433814
1898,0.1499044189294697
1899,0.15820143447810994
1900,0.16117139159040383
1901,0.17294687872977846
1902,0.15781468298184206
1903,0.18773201724298907
1904,0.1839432663818283
1905,0.18968053762538417
1906,0.18166425503252726
1907,0.1549667800931233
1908,0.14155295288823072
1909,0.19499721809122986
1910,0.1903196699210695
1911,0.16992003634676153
1912,0.1697160757210976
1913,0.21826369223520853
1914,0.16490516073464795
1915,0.1483730172704188
1916,0.14927114051744597
1917,0.15996943754592186
1918,0.17821462145734535
1919,0.2080818337812502
1920,0.1875652718320501
1921,0.18515932738320035
1922,0.1836190424730533
1923,0.13136548706647108
1924,0.1320213720244736
1925,0.15744562032339232
1926,0.18229216217644653
1927,0.22347143178723142
1928,0.19352879602632836
1929,0.22480746094709322
1930,0.19270827579842778
1931,0.19306332547387983
1932,0.1790879733324964
1933,0.18841876008417177
1934,0.17380848030494062
1935,0.16484445360008135
1936,0.18876318266922237
1937,0.20026805528725058
1938,0.17792353570345548
1939,0.20955344319205985
1940,0.21314263078441173
1941,0.20151534047353828
1942,0.216684952586928
1943,0.2544821973331642
1944,0.2246622179688441
1945,0.24582936478505676
1946,0.22875304103192343
1947,0.24229852333030275
1948,0.3156379065677857
1949,0.25290657124963667
1950,0.23559647928410513
1951,0.24117970589159346
1952,0.28399192954356045
1953,0.27392466797998766
1954,0.2091012975162555
1955,0.19266617627122332
1956,0.1665235946444705
1957,0.24750936169084756
1958,0.23127101478695453
1959,0.24783715660753805
1960,0.2468891868120019
1961,0.24611473553745997
1962,0.23431165424600944
1963,0.22183591016184534
1964,0.20295212517905448
1965,0.19516219275444227
1966,0.24012439927135165
1967,0.2741271529825461
1968,0.24542749358846228
1969,0.24650354746956957
1970,0.24322373901754962
1971,0.26204377708217597
1972,0.2754623853059309
1973,0.20690396190585278
1974,0.19676817240525307
1975,0.18419291229884344
1976,0.1943054459792977
1977,0.17415832103082965
1978,0.21504163967154422
1979,0.23245529086663064
1980,0.2344826494514929
1981,0.2306763386753746
1982,0.2099095995848412
1983,0.18901315322332074
1984,0.20320191865838014
1985,0.2193081382693924
1986,0.2365674392876274
1987,0.20658097752048646
1988,0.23755377528391078
1989,0.21703216670368913
1990,0.22519150661657164
1991,0.18437627322595232
1992,0.1720454943556879
1993,0.21047185625678982
1994,0.2167675874808447
1995,0.2555207556311567
1996,0.2450039897571387
1997,0.21219991420713177
1998,0.18358291921942688
1999,0.22870658841655736
2000,0.2002824920893054
2001,0.21053378815853432
2002,0.22785431277942303
2003,0.2042547905004976
2004,0.20341139811445919
2005,0.21195785299287961
2006,0.20923704008574498
2007,0.2240213670062477
2008,0.21686046319911498
2009,0.1944305493061954
2010,0.18731208441958144
2011,0.22364717849911503
2012,0.2074269227344975
2013,0.26829478216989844
2014,0.23891825445724976
2015,0.21728576729062746
2016,0.22541624401556296
2017,0.19253874145981872
2018,0.16748136257742827
2019,0.1951200784710068
2020,0.2190874440777103
2021,0.18195368374847085
2022,0.20227490271094437
2023,0.19735302086694917
2024,0.22920998248282115
2025,0.21346948130231475
2026,0.22751162882559628
2027,0.1794638353698336
2028,0.15131629511696237
2029,0.11959284787969027
2030,0.16318961606824198
2031,0.16475160739427333
2032,0.15971920137966464
2033,0.19786258303779483
2034,0.22290411372803032
2035,0.22070074281912547
2036,0.19904691814239503
2037,0.197010735331361
2038,0.20806648730095129
2039,0.22273412194625866
2040,0.18500635213987773
2041,0.14535541228804308
2042,0.14828365353514014
2043,0.1657675443900559
2044,0.16924549951270343
2045,0.1951434523410003
2046,0.1523103338658573
2047,0.18061659213997283
2048,0.19200190977398085
2049,0.1745253675221309
2050,0.22536447915701666
2051,0.2255172356609143
2052,0.22787953117829854
2053,0.229586650036771
2054,0.22878869208615601
2055,0.23829368222154929
2056,0.23787817626745836
2057,0.26280702837734604
2058,0.2616502231918157
2059,0.2313735115678734
2060,0.24450496353526754
2061,0.1869983374348566
2062,0.17483740278405321
2063,0.1903787243577578
2064,0.16074405113900558
2065,0.14443499237588958
2066,0.1666110400697118
2067,0.18696956278429624
2068,0.18975480139622405
2069,0.18440085710689258
2070,0.19477563852568436
2071,0.19298852006255884
2072,0.19263440350171765
2073,0.214092932064455
2074,0.19167452803175958
2075,0.2673830536778372
2076,0.22247345312464442
2077,0.2699878826088673
2078,0.24795812818973997
2079,0.25223230002773767
2080,0.2307455601552611
2081,0.2537551430727757
2082,0.2278855812330318
2083,0.22050669838073142
2084,0.23296048519308332
2085,0.18218222825507485
2086,0.17429257322098254
2087,0.18818456133703218
2088,0.19302782198195775
2089,0.23030430457797654
2090,0.2115801377465246
2091,0.2054113986469428
2092,0.18875742773911028
2093,0.20099391429292324
2094,0.1981371227166023
2095,0.2383713295093689
2096,0.19699108003159368
2097,0.2184893150080633
2098,0.2202520648576192
2099,0.23790798385419268
2100,0.29756397305784155
2101,0.25554194557895404
2102,0.2573665830615609
2103,0.2584509299445221
2104,0.2352545774105243
2105,0.2454518708821675
2106,0.2670724055016342
2107,0.2375718369107239
2108,0.267689776696579
2109,0.22104946207145434
2110,0.2128936046291012
2111,0.2439263422030773
2112,0.20101852768632575
2113,0.1975961150173751
2114,0.22285155203300674
2115,0.23178119671950442
2116,0.2216172228175869
2117,0.21231462914736546
2118,0.19919149969428748
2119,0.19502071001107177
2120,0.1415638134742883
2121,0.15437352057972473
2122,0.16560848697549732
2123,0.17035313172827174
2124,0.16808946685926968
2125,0.1833747678241429
2126,0.1592261366751403
2127,0.1928702844591978
2128,0.22864169051237046
2129,0.19319601350354063
2130,0.16975110701362583
2131,0.15962166269238057
2132,0.18428776535207492
2133,0.2116401808506939
2134,0.15401910542220812
2135,0.19297222050333657
2136,0.2261471791647193
2137,0.2167019517651052
2138,0.1953202762577514
2139,0.1683372239787096
2140,0.17676651438254098
2141,0.2479989734373044
2142,0.255399518436796
2143,0.2932727725292045
2144,0.32062512900289897
2145,0.3208470332055279
2146,0.2982368867064833
2147,0.26809545500078635
2148,0.2644436714762924
2149,0.25710967707886606
2150,0.2562302352203567
2151,0.2297309954889665
2152,0.19701241754170148
2153,0.19872948209990612
2154,0.17113813370801922
2155,0.18680544398248483
2156,0.19728201388310487
2157,0.187250656559624
2158,0.19906295816555356
2159,0.2032905150696438
2160,0.18241629159209433
2161,0.21585963658393403
2162,0.23274708057954333
2163,0.26706130881587964
2164,0.2524442585306344
2165,0.236987814797967
2166,0.21633655797168236
2167,0.2157474449592108
2168,0.21703443916327178
2169,0.21986224950179778
2170,0.22503053349601632
2171,0.20517319141303714
2172,0.20900386212258917
2173,0.17042847704404665
2174,0.2064226726737115
2175,0.2037723945510272
2176,0.21110039791864452
2177,0.2436517582555766
2178,0.21119832026793584
2179,0.2242771324190832
2180,0.21846295517131475
2181,0.2440469301232715
2182,0.19929764386831805
2183,0.22258720890985956
2184,0.26490138025120524
2185,0.25819842131868215
2186,0.2413548918666969
2187,0.21605671559784395
2188,0.20636612679630267
2189,0.1883614885474005
2190,0.19237305849751565
2191,0.19124497414570288
2192,0.1971078313317133
2193,0.16030937684077223
2194,0.1519071050960054
2195,0.18315318825859742
2196,0.21835137376014654
2197,0.18692585482790652
2198,0.18389138347343334
2199,0.19354284395829427
2200,0.1640611043182121
2201,0.21182655204893835
2202,0.21378800930590197
2203,0.18025825182499514
2204,0.15886186435527774
2205,0.1614855812620603
2206,0.14402653990024367
2207,0.1329814419294762
2208,0.1658574098371906
2209,0.2024225830713584
2210,0.2006605415208931
2211,0.1729098848585196
2212,0.17113447416271718
2213,0.15610371818356986
2214,0.14335294746497335
2215,0.15226281880185508
2216,0.2009775053639883
2217,0.15033054936992124
2218,0.17373651416607766
2219,0.17784256826364808
2220,0.20709588144697427
2221,0.20362356320459057
2222,0.222165564363649
2223,0.16100685961412298
2224,0.16155375504954164
2225,0.16364813643586293
2226,0.14251381962971038
2227,0.16309395142230235
2228,0.20305845858004815
2229,0.2033382367208807
2230,0.18757241384788137
2231,0.21256064503154057
2232,0.16569886889071883
2233,0.15825284518711102
2234,0.1876480838007394
2235,0.16022191665929988
2236,0.14269862666746286
2237,0.16478776016036192
2238,0.19222458130062445
2239,0.14297315159003943
2240,0.17470887601155038
2241,0.1560961777495
2242,0.17002663535991422
2243,0.1940519634422079
2244,0.17021436413141594
2245,0.19020163222480718
2246,0.17992667931315395
2247,0.13346556435798015
2248,0.17900934345329098
2249,0.14777530137524128
2250,0.12739375894020863
2251,0.14594335955826118
2252,0.15514491731443814
2253,0.17965994568057533
2254,0.19754312539165111
2255,0.2181382642712276
2256,0.1861007454121474
2257,0.1912631538223645
2258,0.11863640800752762
2259,0.15921622048787035
2260,0.11376865201904812
2261,0.1152975451188194
2262,0.16013700930580027
2263,0.17310372270967878
2264,0.19637411159495535
2265,0.18279642686034273
2266,0.18969884576805743
2267,0.17398124625815084
2268,0.2109500423403412
2269,0.19220156158017604
2270,0.221717181526764
2271,0.24347716252971524
2272,0.2434461449320343
2273,0.23893011846701923
2274,0.20714941705324774
2275,0.20734390417857335
2276,0.20934080590253482
2277,0.18699872109686402
2278,0.18878958764267784
2279,0.18219999475726711
2280,0.20705063363447332
2281,0.18815037114967406
2282,0.2066657077992133
2283,0.2088712921427769
2284,0.17016563905646712
2285,0.1565336557316342
2286,0.17069385310336807
2287,0.17495315066046094
2288,0.2161865461267613
2289,0.18374954658051768
2290,0.2090849033435518
2291,0.19196522578357403
2292,0.193206313352818
2293,0.17603419214766525
2294,0.2447868370609101
2295,0.27361195393143684
2296,0.22172355621858036
2297,0.15528197318849155
2298,0.14932080999118236
2299,0.10694177025811188
2300,0.13495113316336932
2301,0.15448392670049013
2302,0.15498462992462017
2303,0.18476433259027794
2304,0.16733306245530977
2305,0.1564743799514798
2306,0.19574178799788222
2307,0.1714159050014283
2308,0.20041529296073307
2309,0.17694943262271817
2310,0.18183569292494253
2311,0.17665855779613088
2312,0.18293517970096754
2313,0.2278441752486871
2314,0.23639482089672764
2315,0.2595879565723551
2316,0.2275292477654777
2317,0.20576669917832266
2318,0.19847526175126365
2319,0.2755536673512468
2320,0.24143315891622125
2321,0.2677866070847722
2322,0.24804424555418603
2323,0.22036329732732368
2324,0.266696977471093
2325,0.24223489446198665
2326,0.24742312627655275
2327,0.22254420925256052
2328,0.18659010630267645
2329,0.2403657226740509
2330,0.22068673915585266
2331,0.23345930482771976
2332,0.22127585216832416
2333,0.18030795081119358
2334,0.21677588048269852
2335,0.1807977986573474
2336,0.19726640179064722
2337,0.19421079951330078
2338,0.20260798035835328
2339,0.17949237392069706
2340,0.23073427163850285
2341,0.20599111194023095
2342,0.15812623672464565
2343,0.14632821682044764
2344,0.19112314670209984
2345,0.20954548350742536
2346,0.205086466439077
2347,0.18788226518760717
2348,0.17584153479499076
2349,0.2076430720070141
2350,0.2260024500505164
2351,0.2789310440030128
2352,0.22420930236498396
2353,0.21293371206511283
2354,0.24240833920182556
2355,0.24958349752815903
2356,0.16277498849822086
2357,0.2140056489577552
2358,0.23594124386651072
2359,0.18969208741423346
2360,0.1971621134296752
2361,0.18298098304216712
2362,0.17468801070083642
2363,0.20069206083043006
2364,0.22941946193890025
2365,0.21159021625233634
2366,0.24168138823505467
2367,0.1986423908242102
2368,0.2009456023924442
2369,0.19735486539583139
2370,0.1839622382351046
2371,0.1983857209412123
2372,0.1839056970175583
2373,0.19585388153706937
2374,0.19562241008863468
2375,0.17811154484334726
2376,0.21399455227200084
2377,0.22675413246053816
2378,0.22112559901562454
2379,0.19350045364653665
2380,0.2271827124353452
2381,0.23741161375391173
2382,0.2074885742678519
2383,0.16866941625225498
2384,0.2127502921130796
2385,0.18971879619244594
2386,0.1715642493922399
2387,0.17279255806538882
2388,0.18041788473256515
2389,0.2541506986024783
2390,0.23930194597718263
2391,0.21583635125132666
2392,0.20100377145526904
2393,0.2088385333098312
2394,0.2293884738536814
2395,0.20652702873974357
2396,0.2383311040235087
2397,0.23727216737042714
2398,0.23767212025698436
2399,0.22629680734763286
2400,0.23920074774459665
2401,0.21869519394376452
2402,0.23354143800978072
2403,0.23084544508328297
2404,0.19267113436485822
2405,0.1996325530244051
2406,0.22385981578864023
2407,0.218947525494832
2408,0.23120939276606237
2409,0.2272363218227737
2410,0.2624287081255176
2411,0.2378140751997487
2412,0.24878732508150164
2413,0.2749846228130123
2414,0.29988223598175306
2415,0.2945102153093775
2416,0.26755906600187995
2417,0.20694457105372027
2418,0.221769625171939
2419,0.19972808052419747
2420,0.2003693420572229
2421,0.2054551656282565
2422,0.18609637756775466
2423,0.23049666680602998
2424,0.2329235946154421
2425,0.235312672692194
2426,0.21204370474516682
2427,0.26507529719043776
2428,0.2634561358852256
2429,0.2225588179213067
2430,0.22565327335502486
2431,0.2566057222758221
2432,0.2076570756702868
2433,0.17631208149092273
2434,0.17930983934252714
2435,0.2154017802467106
2436,0.17607125980007932
2437,0.17217009597072944
2438,0.14863328767379463
2439,0.15153351725427835
2440,0.19099978461046682
2441,0.20640632276970083
2442,0.2132783290852079
2443,0.23111459873775486
2444,0.2074847966727014
2445,0.19976265437356294
2446,0.2308800336888795
2447,0.1967546704538364
2448,0.2658382880815305
2449,0.25945789515182255
2450,0.22561008186672213
2451,0.22023778082595655
2452,0.23000352571630955
2453,0.20695156550724117
2454,0.24868773527810087
2455,0.20944734589076314
2456,0.24010436030957688
2457,0.22439732626110684
2458,0.168171186866861
2459,0.21611252887178156
2460,0.16991407482941473
2461,0.18867074963788402
2462,0.25591238600339805
2463,0.21283511092919272
2464,0.22544616965214587
2465,0.21014274803553507
2466,0.2097557511198456
2467,0.20447414187515342
2468,0.21342623512915587
2469,0.21664602564940072
2470,0.20531482866282683
2471,0.17835599656703038
2472,0.19879018923447286
2473,0.20705311788937245
2474,0.21568397840943657
2475,0.22804400412965514
2476,0.1963220915404129
2477,0.180939842137498
2478,0.18853053593038446
2479,0.20118795873131712
2480,0.18687866440098783
2481,0.20176775622192394
2482,0.2201180487671635
2483,0.25222923073167774
2484,0.23964110319178697
2485,0.24780185970285076
2486,0.23161504155780754
2487,0.20101235958174393
2488,0.2000129200522825
2489,0.1995183502121903
2490,0.19155211033891428
2491,0.22284821712478808
2492,0.25315730912774986
2493,0.24896025335325367
2494,0.22974710929328046
2495,0.24157349067356904
2496,0.22316773987195118
2497,0.24555678768497993
2498,0.24129648670417525
2499,0.24193681859464408
2500,0.2600384347940502
2501,0.25744827355669014
2502,0.27313045811206105
2503,0.18817435002514102
2504,0.21393719480188392
2505,0.20479603429942145
2506,0.22087303657294183
2507,0.23092034771212608
2508,0.2361089631886996
2509,0.21034110129339764
2510,0.2523616826616417
2511,0.2742042395335855
2512,0.2613250896047967
2513,0.24368743882227129
2514,0.25333330669556176
2515,0.24229371279897813
2516,0.2504974741754226
2517,0.2124013662735159
2518,0.23585176208138367
2519,0.2228093492121852
2520,0.2112726326475368
2521,0.18345744698675298
2522,0.19894914335541422
2523,0.2143517268447251
2524,0.21312976335093062
2525,0.21724394813181294
2526,0.23987770460054797
2527,0.2592132958658287
2528,0.23167657504131325
2529,0.25085024010711526
2530,0.24905103368671372
2531,0.22212625376411418
2532,0.2500054962239149
2533,0.21287629123000373
2534,0.2042780228842757
2535,0.23418435224068432
2536,0.28836606009073557
2537,0.24932862790534996
2538,0.23836941119933158
2539,0.1795979990225998
2540,0.18700382675280966
2541,0.19995174071832186
2542,0.18274544408204224
2543,0.21351472390673423
2544,0.21521272341441394
2545,0.24862328006084577
2546,0.18154726763271073
2547,0.18786322964954436
2548,0.25514169756777544
2549,0.2659084339958918
2550,0.2331195721201044
2551,0.21347379012178325
2552,0.23106306997890538
2553,0.21726015047351305
2554,0.19109083055608578
2555,0.1930017034529876
2556,0.21167382505750276
2557,0.264807678183996
2558,0.3062349410139176
2559,0.25112198217811693
2560,0.22668353865116347
2561,0.2641408736150115
2562,0.2736269167497283
2563,0.2913076704831698
2564,0.2824378623136065
2565,0.23537658192890012
2566,0.2516168323865993
2567,0.27227102570286427
2568,0.30253708853606504
2569,0.2678688435604505
2570,0.2756200703910013
2571,0.26928846676924784
2572,0.28216203884269725
2573,0.3224328558447153
2574,0.31802773721232125
2575,0.3004355946463744
2576,0.29901793401630766
2577,0.27585791132317117
2578,0.2741638959978768
2579,0.2779196814388573
2580,0.2607868265645461
2581,0.2401963801664458
2582,0.22560243813903483
2583,0.2544026464915382
2584,0.24522863861874386
2585,0.21505102463449607
2586,0.23069504957635442
2587,0.24176842048582642
2588,0.2966728147518732
2589,0.2544453510242158
2590,0.23697795763562124
2591,0.25644738791658517
2592,0.233790405140167
2593,0.20782218313957881
2594,0.2203856382611431
2595,0.20337456656174202
2596,0.2265423215199522
2597,0.2509657432036903
2598,0.22680778611665986
2599,0.23357971567314145
2600,0.24759255732154442
2601,0.2537117892659316
2602,0.23418407187229442
2603,0.2517661506886607
2604,0.2701275355795866
2605,0.30639891225341803
2606,0.3045091997918516
2607,0.24342343509243822
2608,0.21791149051235015
2609,0.2259732179567933
2610,0.20407619583601985
2611,0.2511930776993479
2612,0.2299328017048961
2613,0.24753444728364354
2614,0.2767023514016145
2615,0.2543687366725701
2616,0.21822734763811602
2617,0.2444505798340303
2618,0.24984804723854118
2619,0.26684684175370343
2620,0.24785628068298746
2621,0.27437527900776215
2622,0.2676414057711757
2623,0.23798241428364217
2624,0.26544801007446484
2625,0.26052367869611437
2626,0.2548294262061563
2627,0.2806126345817572
2628,0.2896916123265474
2629,0.30228578992117183
2630,0.30747517272176017
2631,0.2713131397200578
2632,0.25362826899815133
2633,0.2785858072212131
2634,0.27288541613913536
2635,0.2933166575603667
2636,0.27686272212073737
2637,0.26736947794526533
2638,0.274563052047957
2639,0.25584577637640865
2640,0.2636713598552537
2641,0.23949327526906217
2642,0.25111593212338384
2643,0.2427575896784726
2644,0.2307837345250044
2645,0.23855348042553126
2646,0.23471992964688262
2647,0.21377115769003535
2648,0.18374888255011998
2649,0.2059600144852996
2650,0.1988110198246433
2651,0.20885789348497763
2652,0.21667651202276358
2653,0.2352780693303664
2654,0.26457252288587835
2655,0.24780342386334286
2656,0.25250853667311673
2657,0.24964340782624864
2658,0.2535659091657065
2659,0.27948638000259557
2660,0.2923393818899522
2661,0.2680845944147286
2662,0.2693408513894988
2663,0.2844844630237667
2664,0.2552311498404404
2665,0.29110387217604755
2666,0.25784199931374174
2667,0.2852764299445729
2668,0.2751195095211004
2669,0.2563362882529602
2670,0.23194072633345683
2671,0.2481431565709582
2672,0.23187770247061448
2673,0.21734340512913425
2674,0.2096209972178369
2675,0.22852744777153064
2676,0.23543115047134713
2677,0.24690957992332205
2678,0.20442103853964874
2679,0.21711261767540954
2680,0.2409078370906071
2681,0.24581336903059145
2682,0.21709367067473284
2683,0.22711592573358316
2684,0.2340361849246453
2685,0.23748436197302053
2686,0.2570626637267199
2687,0.2193874972800146
2688,0.24914553259039998
2689,0.21121918557865
2690,0.18767316939353573
2691,0.16319237548344978
2692,0.1879570081019495
2693,0.18148576366166702
2694,0.17025296643185986
2695,0.16617592308454668
2696,0.1927333171225306
2697,0.2064582647030201
2698,0.20644285919779687
2699,0.18756992004483275
2700,0.22459320047215192
2701,0.20296059525568097
2702,0.21837210626478115
2703,0.2500032532767941
2704,0.19478986353242267
2705,0.22481398320122023
2706,0.22585952119650246
2707,0.22108033210682457
2708,0.1948319187909341
2709,0.24334524182406955
2710,0.23054692652900857
2711,0.2235921377572741
2712,0.27710640652040547
2713,0.24766787312485722
2714,0.24361749428706314
2715,0.2161834768307014
2716,0.20061875187454106
2717,0.19552251040438157
2718,0.19338843475651826
2719,0.2964333801467493
2720,0.2504485373051573
2721,0.26477974463860576
2722,0.24446429536247538
2723,0.2750587433616093
2724,0.25643310388492246
2725,0.30950459717897033
2726,0.2660047036473049
2727,0.30441850799577785
2728,0.3135522313577877
2729,0.2934763199803987
2730,0.28604720691758184
2731,0.2770850690102977
2732,0.29051976152590425
2733,0.28041859014336334
2734,0.26321260338793584
2735,0.2871663194809121
2736,0.2827547862280766
2737,0.29052693305419786
2738,0.2727836571697695
2739,0.28333586751078543
2740,0.25679846816588314
2741,0.3160184107418103
2742,0.2992788536938499
2743,0.2854880533942232
2744,0.2810390011219059
2745,0.30282905532375043
2746,0.3111390563557204
2747,0.2664453542191164
2748,0.3222215466159854
2749,0.35139685836194656
2750,0.35432152426106
2751,0.3403409293175836
2752,0.3119898659178988
2753,0.3015713522383367
2754,0.3217824159359725
2755,0.3518254678492158
2756,0.300084071710145
2757,0.27825771717990117
2758,0.30754213649829487
2759,0.3435680137560381
2760,0.3030623009919663
2761,0.2772210034107907
2762,0.309145076365508
2763,0.33442506774961783
2764,0.3018053565504319
2765,0.262611434534691
2766,0.287200701499274
2767,0.28586121938134457
2768,0.31241676889044667
2769,0.31865319482188537
2770,0.3187590855359472
2771,0.30331630607323834
2772,0.297842128013258
2773,0.3328663670631121
2774,0.27714102463846413
2775,0.28601831421717316
2776,0.26984079249769527
2777,0.26948974176085955
2778,0.23623415505298373
2779,0.2800606630028552
2780,0.2902553741340636
2781,0.30909205722732175
2782,0.343355686347365
2783,0.3261747999409648
2784,0.3452704253768035
2785,0.34501603727311325
2786,0.3127504662995601
2787,0.27941749791602344
2788,0.2764308367501737
2789,0.28442827129590337
2790,0.2978727471927003
2791,0.35223962554977417
2792,0.3176022560460365
2793,0.2902927221548679
2794,0.2768067074676465
2795,0.2820223563595158
2796,0.3032078625312035
2797,0.3044700072421653
2798,0.3075699962625296
2799,0.3535483168499946
2800,0.2922910109645487
2801,0.2678389917050232
2802,0.23192436167321517
2803,0.25883819247237067
2804,0.2643178598503041
2805,0.2275950753122211
2806,0.253960195659538
2807,0.26008515302157514
2808,0.27466752616383755
2809,0.2857002584129798
2810,0.3345864418924525
2811,0.3170324294275559
2812,0.34316642292783345
2813,0.31921812237165503
2814,0.3232955294166631
2815,0.3185352526071179
2816,0.32605509739463395
2817,0.3285877093308732
2818,0.35506493276552686
2819,0.36050307610926696
2820,0.3299004826705898
2821,0.3365413621390579
2822,0.2929944404990154
2823,0.3171683048031247
2824,0.2781234354772867
2825,0.2620474071150158
2826,0.2872691704113764
2827,0.281847642583806
2828,0.27404540346249256
2829,0.2778309964902073
2830,0.2631590530254315
2831,0.29000208342797756
2832,0.31868191044752125
2833,0.32714192332441266
2834,0.37706514521007883
2835,0.3679925716695674
2836,0.3790882244879348
2837,0.3482394085778477
2838,0.32260981256754573
2839,0.30204505676771465
2840,0.3191625799179582
2841,0.31536846555513
2842,0.3262574938598057
2843,0.3065209462842561
2844,0.30294775444636934
2845,0.3001313506744501
2846,0.29297103711655975
2847,0.2684375929740639
2848,0.29486443863589035
2849,0.3124431530315759
2850,0.2838373137545498
2851,0.2629833653384721
2852,0.24586817367273564
2853,0.26792569931871135
2854,0.2685394699932785
2855,0.2870258401612537
2856,0.2868990841364778
2857,0.2838749864124371
2858,0.308408474823626
2859,0.2869906613064147
2860,0.32306752134245836
2861,0.295691982829774
2862,0.27347690490480714
2863,0.27616020747259595
2864,0.26126248325649176
2865,0.2665741170913158
2866,0.28269152192546926
2867,0.263228495848784
2868,0.28620397711632684
2869,0.2833435555071658
2870,0.3106438667539239
2871,0.3060001693778073
2872,0.3104832304226422
2873,0.3253184663402899
2874,0.29490413289743256
2875,0.2742906520226528
2876,0.23119454799761927
2877,0.23572580289308478
2878,0.25272388910915633
2879,0.2316690198510123
2880,0.2547162459139524
2881,0.2662280834730392
2882,0.3049474598542317
2883,0.28861827359195436
2884,0.31553853810785076
2885,0.2885090774821359
2886,0.2981782332920743
2887,0.2796954810047488
2888,0.24016731039126418
2889,0.2479312423367549
2890,0.2991263332896492
2891,0.2527829140333826
2892,0.258451933368234
2893,0.26243673551521246
2894,0.22239142323620092
2895,0.24503243977061562
2896,0.2222948584601666
2897,0.21278467413144148
2898,0.2580229992438814
2899,0.2600845922847949
2900,0.27823248402479456
2901,0.2686957089677053
2902,0.24425888862616804
2903,0.24899168412540423
2904,0.2362795747321758
2905,0.2693180087438233
2906,0.27079841286834266
2907,0.2888476444474979
2908,0.3307407614918753
2909,0.28636709249442616
2910,0.30629883549439235
2911,0.3324541369923161
2912,0.3758180075861018
2913,0.3337413646920331
2914,0.36112059486652237
2915,0.3639669537874866
2916,0.3829048646257926
2917,0.3715941692522378
2918,0.3394543011745493
2919,0.34492554274454956
2920,0.3234793087263232
2921,0.3483862330768608
2922,0.3312204570510623
2923,0.3215020918145912
2924,0.3122970958565779
2925,0.327353321090529
2926,0.3173649758506467
2927,0.31273349663384503
2928,0.37009731193009043
2929,0.3473368732177347
2930,0.29561324358085594
2931,0.2978167030271476
2932,0.3202509700082287
2933,0.32666450022480836
2934,0.29574272950837754
2935,0.3055513438539907
2936,0.2907728899134485
2937,0.27238146133609153
2938,0.3014395884147264
2939,0.3077574594218724
2940,0.2775390001900599
2941,0.24274599128086205
2942,0.24743661347173837
2943,0.2585670614829374
2944,0.26588668331131454
2945,0.3081559071728619
2946,0.2861496446735765
2947,0.29439964687007064
2948,0.31394518979082425
2949,0.2613167228217877
2950,0.29353885688761655
2951,0.29765174312016596
2952,0.2976111634847605
2953,0.3163314494274444
2954,0.3056570722495111
2955,0.3204929721975566
2956,0.2835548204672028
2957,0.321334077367781
2958,0.3620801925721311
2959,0.3595127264181365
2960,0.35037151123081756
2961,0.3433114471666577
2962,0.32211639371347606
2963,0.292122848955428
2964,0.27532316026591197
2965,0.27757214268501296
2966,0.27367726501009326
2967,0.2928662852363299
2968,0.2846238798947891
2969,0.26406207534116954
2970,0.2691473485915861
2971,0.2452765373447535
2972,0.29437816179765225
2973,0.26459532126286095
2974,0.24431513937895577
2975,0.30220353868926236
2976,0.3076763591759856
2977,0.30266493652193904
2978,0.3148039139009304
2979,0.32928399684950843
2980,0.3085213599912088
2981,0.2560945811882536
2982,0.2794610730663336
2983,0.3364887856878035
2984,0.36035303475188374
2985,0.3172814260704042
2986,0.30755889957677524
2987,0.3345062270204288
2988,0.34185149517838265
2989,0.3527726408082748
2990,0.3374893024221322
2991,0.3139647270407432
2992,0.34647347138238377
2993,0.3169679637941376
2994,0.3054117794206578
2995,0.3048636149493682
2996,0.287865056533903
2997,0.31949368023040553
2998,0.3438553219147776
2999,0.3399153005889877
3000,0.30605338034699753
3001,0.3264241698296577
3002,0.30713185424999795
3003,0.3564944574053631
3004,0.34390087005998127
3005,0.3358607604940358
3006,0.3004717474124632
3007,0.28702706232439046
3008,0.2872877337500455
3009,0.2519723837739073
3010,0.3157298969121922
3011,0.26142050339480855
3012,0.2787061885541725
3013,0.24712363381102875
3014,0.2654009376973945
3015,0.2711404032793096
3016,0.2715656335896669
3017,0.250108553741614
3018,0.25863533157424246
3019,0.26277627639182405
3020,0.2797450393727454
3021,0.27943384782003405
3022,0.2971238832228103
3023,0.24528388594781958
3024,0.2538481663533565
3025,0.23214873016643042
3026,0.26147560316157376
3027,0.21875778987590663
3028,0.2039193961248127
3029,0.24751756615531473
3030,0.29498664974150085
3031,0.2667211186651015
3032,0.2514628511155239
3033,0.29654018574713664
3034,0.29419840139092107
3035,0.3096042017386022
3036,0.26364146373113295
3037,0.26975116315025777
3038,0.2425468116740605
3039,0.25141630996277153
3040,0.22162316957870248
3041,0.22982335907921753
3042,0.22066352760440058
3043,0.2215848181341867
3044,0.24016372462711752
3045,0.22709069257847644
3046,0.22079547782250852
3047,0.23882685436208545
3048,0.2690288456400387
3049,0.22636512869742476
3050,0.23470487829120482
3051,0.20826230248707198
3052,0.24479251820986675
3053,0.21026145757431713
3054,0.29254608717459246
3055,0.2569055098659675
3056,0.21538666986610872
3057,0.2901653654646865
3058,0.24942664811175266
3059,0.2381730352764308
3060,0.23550614163757672
3061,0.2594816821962856
3062,0.2622970235195689
3063,0.21949343226276974
3064,0.25072126196754485
3065,0.2417254208285276
3066,0.22335347047616502
3067,0.21788103365144917
3068,0.22592087760523588
3069,0.20479995945688265
3070,0.224847833995264
3071,0.23309842644100032
3072,0.2907310707546343
3073,0.2413582562873779
3074,0.2566556573617175
3075,0.2521320609501703
3076,0.23756575734352864
3077,0.22086037572669526
3078,0.2589837184230507
3079,0.22449554373501937
3080,0.24442775893437954
3081,0.21395603850894318
3082,0.22153278766348108
3083,0.2029132867789136
3084,0.21287881888558244
3085,0.19529809764247327
3086,0.20648810180221636
3087,0.2348064601857983
3088,0.19970138650221614
3089,0.23344139076321696
3090,0.2582955763439584
3091,0.27299053952918256
3092,0.257607990341784
3093,0.2293330346936019
3094,0.2634503948433308
3095,0.24963180942863816
3096,0.30071547868486526
3097,0.29741216095273176
3098,0.27857524175977666
3099,0.24739556163693943
3100,0.3037970684211294
3101,0.2990873178147357
3102,0.26359034814675303
3103,0.27352017017426494
3104,0.26318785718845394
3105,0.27921533755054867
3106,0.2569836293531809
3107,0.25489267141246474
3108,0.23617629153094288
3109,0.2507105784562599
3110,0.2934516475620722
3111,0.2995173586564173
3112,0.23419451928388238
3113,0.21825230042483262
3114,0.27408931800611686
3115,0.2392629895271935
3116,0.2343545063409977
3117,0.2689447351230161
3118,0.260331877204841
3119,0.2585321187277952
3120,0.2827330754721244
3121,0.27873230708314284
3122,0.2579310384119369
3123,0.27223443892997967
3124,0.23624346623478037
3125,0.24064046894009325
3126,0.2578317584893883
3127,0.25249773511198326
3128,0.2801052858455702
3129,0.24298005461788136
3130,0.2497999419252967
3131,0.22544814698710727
3132,0.236633340615526
3133,0.21977036245100848
3134,0.2711924927749393
3135,0.24635082047813397
3136,0.25199431153325735
3137,0.2315188604437806
3138,0.29991095160738923
3139,0.28824396703497357
3140,0.27167156857242175
3141,0.2525235585163322
3142,0.271476963397248
3143,0.2769075220382251
3144,0.24670497002349176
3145,0.25591976411892625
3146,0.26364541840105615
3147,0.29969633698290254
3148,0.31280175895871265
3149,0.33449719620702245
3150,0.31163823013990216
3151,0.3088978947390795
3152,0.2856513857757204
3153,0.2935553838663998
3154,0.3401581586397169
3155,0.310062441737833
3156,0.332444781541826
3157,0.33478571003664054
3158,0.3647380258851166
3159,0.35037804390110744
3160,0.38332087229173956
3161,0.36947728461355545
3162,0.35729212023135715
3163,0.3146690714615354
3164,0.3385960049951439
3165,0.30080001452854765
3166,0.29430845336214095
3167,0.2858162215567582
3168,0.2704201663976695
3169,0.2707773999953179
3170,0.2921581632203871
3171,0.24766622042697883
3172,0.2820757001347854
3173,0.25970954791626116
3174,0.2760021040049743
3175,0.2872931492868433
3176,0.3112175447487103
3177,0.26078315226301313
3178,0.26745530018509006
3179,0.2776211333721208
3180,0.29606893075211405
3181,0.3247396089084027
3182,0.31324028463325176
3183,0.34781794110641
3184,0.31617886999831957
3185,0.2926749680966406
3186,0.2515716930757972
3187,0.2596452402613167
3188,0.24823029211534725
3189,0.2657358156049921
3190,0.3038620800350966
3191,0.28064934808462616
3192,0.3362057611761385
3193,0.35080811425525166
3194,0.37393976071606627
3195,0.3409282273136349
3196,0.35794968739970007
3197,0.35329908410744915
3198,0.33012471835772583
3199,0.3044134023398323
3200,0.3194493525123115
3201,0.30303853477982934
3202,0.3120566135590489
3203,0.2767555033458802
3204,0.29394555337176675
3205,0.3182605610259318
3206,0.2852580836093015
3207,0.29945843702580843
3208,0.29504307756906134
3209,0.2793305437864753
3210,0.2889108601413441
3211,0.29243748131401626
3212,0.3282005353404108
3213,0.35024867602343485
3214,0.3310859392487507
3215,0.36169827179992514
3216,0.36872191314576974
3217,0.3611776719682491
3218,0.3405674079518395
3219,0.39273213084746134
3220,0.3832014353575676
3221,0.3861543047542979
3222,0.3717286427858564
3223,0.35659308805374523
3224,0.33625475186324627
3225,0.324844260099056
3226,0.3078255151595053
3227,0.3200497245290791
3228,0.34772335366533746
3229,0.32983874259984924
3230,0.3834574854788612
3231,0.3230557163576131
3232,0.3155229260153927
3233,0.2951689482199737
3234,0.28465477944262163
3235,0.27680576306885907
3236,0.27533737051641954
3237,0.24306931939961063
3238,0.24283609282769342
3239,0.2782619374619834
3240,0.3061710908021356
3241,0.28282351641227016
3242,0.24722109871715722
3243,0.26485188785224145
3244,0.27009418649739886
3245,0.30823157712572
3246,0.31447204626446795
3247,0.2909189470884465
3248,0.3337475206444243
3249,0.3052578424182755
3250,0.29671579965294115
3251,0.2909455378168107
3252,0.26123395512179143
3253,0.2624920123567504
3254,0.2546862907649075
3255,0.25798041276105216
3256,0.2353808907483685
3257,0.27185997613055235
3258,0.31643934698893006
3259,0.29768096045765796
3260,0.2880323331691601
3261,0.29554540918668903
3262,0.3222925240873673
3263,0.3377768275842694
3264,0.3301679836271836
3265,0.3211217056904148
3266,0.31286352854191557
3267,0.304577698216416
3268,0.3406626446670788
3269,0.3190285343150402
3270,0.27923372381444495
3271,0.3439211156089909
3272,0.29623756496062853
3273,0.2884678190601015
3274,0.3105025020604019
3275,0.28884994641954265
3276,0.28133564563483615
3277,0.27506910223581116
3278,0.3202889082782751
3279,0.2913897003716132
3280,0.2976407054593358
3281,0.2699947885250017
3282,0.27962803982073864
3283,0.2856427681367834
3284,0.3218912136275528
3285,0.29544592788498736
3286,0.2806076469756601
3287,0.2915655651333454
3288,0.28926176331586945
3289,0.30664088493028363
3290,0.29860872897287793
3291,0.3356336916105375
3292,0.2760711978868628
3293,0.29806733761164345
3294,0.2961099235619892
3295,0.29658760012156227
3296,0.2819707095508177
3297,0.307999963323056
3298,0.3328540603664111
3299,0.3182731628472542
3300,0.31135408415467675
3301,0.31966998767906923
3302,0.30162320563426953
3303,0.30894220770094233
3304,0.30967916339236945
3305,0.32379391157244913
3306,0.33414708986897423
3307,0.3449790045696674
3308,0.3399789589697657
3309,0.25758851677665173
3310,0.2890448762318
3311,0.2550257283479019
3312,0.25566285813623146
3313,0.2921014472123145
3314,0.27042361935573667
3315,0.27676344219818866
3316,0.24460684055448212
3317,0.2609624994952747
3318,0.2619899758637437
3319,0.27136127454576453
3320,0.31198234544814124
3321,0.28657205654380197
3322,0.307148823915713
3323,0.3438814803723728
3324,0.31989127211999363
3325,0.3199268051243778
3326,0.331954609058589
3327,0.33891119809051223
3328,0.32171437495457084
3329,0.28623759181067365
3330,0.35812360433893287
3331,0.3049266830809041
3332,0.3251285831590539
3333,0.33144056099350216
3334,0.3350504368217954
3335,0.3074042247628401
3336,0.31500505608646245
3337,0.30647039143665605
3338,0.2842041831710784
3339,0.2803789549067456
3340,0.30617632926416083
3341,0.3025937524633222
3342,0.2671489417320565
3343,0.29211424607272196
3344,0.257381398317542
3345,0.2638516514863027
3346,0.27182674509821286
3347,0.2695562333380004
3348,0.2677331009909611
3349,0.3267734307224678
3350,0.33680031923786974
3351,0.29947475220927544
3352,0.3218088148333329
3353,0.2892573069340905
3354,0.3286551748192639
3355,0.33372222846439337
3356,0.29073644202273896
3357,0.311851074016662
3358,0.2899282727602326
3359,0.274014179277577
3360,0.3283746588668784
3361,0.3581259063109777
3362,0.3577324461660852
3363,0.31552083063058267
3364,0.3155702935170844
3365,0.31414903236663966
3366,0.3420951500655887
3367,0.29986181335797074
3368,0.2867895043646516
3369,0.28340988476576506
3370,0.30710572096479666
3371,0.2967003498790246
3372,0.32671293017513575
3373,0.302037560602338
3374,0.3110827760904706
3375,0.3313787514816741
3376,0.3481491299562438
3377,0.3342415002352741
3378,0.33002855199993
3379,0.33458908325781184
3380,0.31555479947447485
3381,0.3136339513653789
3382,0.29533950073852555
3383,0.31266060861886286
3384,0.3023728265120112
3385,0.27309212142377587
3386,0.26528077770790076
3387,0.30118767807867575
3388,0.23895729944462524
3389,0.24806351719194594
3390,0.23381017848978292
3391,0.24084727751835108
3392,0.2276684580492654
3393,0.23977891163362425
3394,0.23671246352645126
3395,0.2624127019548893
3396,0.2847140994914692
3397,0.2548317872031254
3398,0.2794015759427135
3399,0.26607656649255035
3400,0.2607826210386951
3401,0.24737599487455822
3402,0.26272861376551143
3403,0.28423059682466945
3404,0.2923047342594313
3405,0.26336227583954286
3406,0.26137843338006606
3407,0.2728770345998953
3408,0.2951324413043397
3409,0.28613921201821935
3410,0.32010765749220726
3411,0.3223575105289406
3412,0.33625532735625746
3413,0.32977977670054714
3414,0.3050591054984058
3415,0.28216811840989264
3416,0.2755547297998829
3417,0.26683474164423715
3418,0.27986016054334
3419,0.30442500073744266
3420,0.3105160482805119
3421,0.3128304450718868
3422,0.2710423628801698
3423,0.24030894069694528
3424,0.26123923785250946
3425,0.23296606304842274
3426,0.26202235103468174
3427,0.2575771544787382
3428,0.2931342115195833
3429,0.2849066092818332
3430,0.2738680335651925
3431,0.2870512503911329
3432,0.3186355758820037
3433,0.28126323680904153
3434,0.2828874551614383
3435,0.28420725246713796
3436,0.2980423405562336
3437,0.2964531830088271
3438,0.3150969431372518
3439,0.2994254125807039
3440,0.31969896891686445
3441,0.27949157419592746
3442,0.28291088805635617
3443,0.30399786687327923
3444,0.2987659566147856
3445,0.3228744803277765
3446,0.2812193222654171
3447,0.2941894000899766
3448,0.308055913743141
3449,0.30298753724529787
3450,0.29534947595071986
3451,0.30975321015981155
3452,0.34264558699646086
3453,0.3293616441373282
3454,0.25913684383272456
3455,0.2920304159240897
3456,0.2884803913689619
3457,0.2321845140267426
3458,0.261654360144593
3459,0.28203141668538456
3460,0.2515209759096558
3461,0.22274695986727777
3462,0.19773384967805718
3463,0.20984762341440372
3464,0.20823680371980635
3465,0.1986828819222295
3466,0.19963820032083185
3467,0.22040417208735036
3468,0.27481473432485787
3469,0.2989534197741282
3470,0.24421090136277215
3471,0.2610321784183237
3472,0.262212012872452
3473,0.27377191147609
3474,0.28240108978581385
3475,0.28410540496038544
3476,0.2508634825224682
3477,0.24252801223569445
3478,0.22406767205930303
3479,0.25258054708067285
3480,0.24154745200184935
3481,0.24159793220028042
3482,0.23894215955156148
3483,0.2394753612045595
3484,0.27328085361898946
3485,0.2831167965045195
3486,0.22643226954873205
3487,0.25566330082316324
3488,0.2276260486412088
3489,0.23572013650035897
3490,0.22018173666040355
3491,0.22950436929239965
3492,0.2388410498563617
3493,0.24126000930100322
3494,0.28183884787009633
3495,0.25443499215001414
3496,0.2300836694112186
3497,0.25697521830147857
3498,0.2577700184186476
3499,0.25321700242244155
3500,0.2393350190310483
3501,0.27057476743044906
3502,0.24838387496818412
3503,0.24395449709193318
3504,0.27503511863568775
3505,0.23488413698608016
3506,0.241289934937586
3507,0.2263015588540331
3508,0.27759218164678773
3509,0.2827097901395172
3510,0.23917040893354438
3511,0.25603598419472784
3512,0.23681135978699253
3513,0.24351638459186348
3514,0.25871890310050943
3515,0.2681491971942942
3516,0.2686846417944129
3517,0.24686522269276612
3518,0.22247417617996598
3519,0.2644879991943863
3520,0.28936579474481816
3521,0.2615369595703069
3522,0.3010745984760482
3523,0.2972543873302746
3524,0.294125092435032
3525,0.2735507745974762
3526,0.24111194527858162
3527,0.2529888519940081
3528,0.2367188382182678
3529,0.2320866802148374
3530,0.24689629931537124
3531,0.26350449639446594
3532,0.26604920844017166
3533,0.29526391932305374
3534,0.28551483161352287
3535,0.30373674060850203
3536,0.28650078394779854
3537,0.28692080530859293
3538,0.27492717680550893
3539,0.31096741187607024
3540,0.27241770263956644
3541,0.28919649650590623
3542,0.27597185893939
3543,0.2948652944972918
3544,0.26646477341918673
3545,0.28821843875524583
3546,0.301458526095678
3547,0.31919648973692594
3548,0.3090004653011535
3549,0.3013078354641284
3550,0.3122068172349739
3551,0.3070511671785806
3552,0.25986407516788546
3553,0.2831328807963711
3554,0.25841663646354635
3555,0.27819326196264604
3556,0.22110650966071885
3557,0.22400973909617503
3558,0.23455247593685266
3559,0.23189641337159408
3560,0.25548625556294624
3561,0.252188296946727
3562,0.28626261837854544
3563,0.2876112389435667
3564,0.24860598575804752
3565,0.2550494268549786
3566,0.24235881729039963
3567,0.2548218415033931
3568,0.24301434809885678
3569,0.2679372239351666
3570,0.23673601447121773
3571,0.24081832579301782
3572,0.2634510198131168
3573,0.27058047809186797
3574,0.3118747430112767
3575,0.3235962075887532
3576,0.34862670061815865
3577,0.3296640288241395
3578,0.280499572339402
3579,0.28161505486989225
3580,0.2838211999502361
3581,0.27440229766682667
3582,0.27631736133334855
3583,0.2749663988676573
3584,0.29111358177608276
3585,0.29955911879030744
3586,0.3073122639308956
3587,0.28640814432922534
3588,0.28529856429115774
3589,0.27750975334010575
3590,0.3465055514287006
3591,0.28087228522342866
3592,0.24191849135567153
3593,0.2417448573888697
3594,0.2699492507959611
3595,0.300739071294284
3596,0.3029565491600791
3597,0.3006854766630864
3598,0.32708484622268574
3599,0.2987637136676649
3600,0.3261596305354387
3601,0.2920490973126072
3602,0.28006373229891507
3603,0.29786986972764434
3604,0.27724515936103034
3605,0.2688913175665913
3606,0.26932730516938874
3607,0.2429577727089859
3608,0.2781080299720634
3609,0.26916953154693185
3610,0.28469299808105814
3611,0.2447285351920054
3612,0.26669798089480484
3613,0.2597099610907309
3614,0.2628673518499052
3615,0.3355479283956365
3616,0.3294159765800785
3617,0.34700126183865204
3618,0.319727271368031
3619,0.32259912905626065
3620,0.2958455509263796
3621,0.35633370302423284
3622,0.2897318968373317
3623,0.2803794713748325
3624,0.2855300305315112
3625,0.2720685511164688
3626,0.2893740582342099
3627,0.2674420490896013
3628,0.28857208658874745
3629,0.2730992634396073
3630,0.27186887413787936
3631,0.2686886745855595
3632,0.29273523254427564
3633,0.3007109754303523
3634,0.2978437511986741
3635,0.2982645398834833
3636,0.26644255053521565
3637,0.25318847428774127
3638,0.2686427636106744
3639,0.28722437049388877
3640,0.2682925687352399
3641,0.30117157642655207
3642,0.2880058014657206
3643,0.3163190837058189
3644,0.32014271829719765
3645,0.3021327087801908
3646,0.26051296567236726
3647,0.3207131941898448
3648,0.2791160871404618
3649,0.2931765028777914
3650,0.3172825770564265
3651,0.29738403557633775
3652,0.27553652061075895
3653,0.26520819180733335
3654,0.26970406126072505
3655,0.30297528957352093
3656,0.28364564072928805
3657,0.2870566216592377
3658,0.2844976255818692
3659,0.2773160925637194
3660,0.31391535269162785
3661,0.32578806863743426
3662,0.31574456460586253
3663,0.3532410330944726
3664,0.3615772411927991
3665,0.3201913253222979
3666,0.2975807361363219
3667,0.28713412138474675
3668,0.2543259731149683
3669,0.26563711551552266
3670,0.2779904228105425
3671,0.2645726114232646
3672,0.28529729525528696
3673,0.27278262423359545
3674,0.2825365519869131
3675,0.2599878504339879
3676,0.3234079180804715
3677,0.283961561220046
3678,0.26763615255291945
3679,0.289218852195957
3680,0.2681243477011951
3681,0.24647888980747376
3682,0.26052496248821616
3683,0.26360060372733735
3684,0.2816673214402946
3685,0.32501507822976683
3686,0.36889833864428195
3687,0.37325274445060236
3688,0.38328339146485585
3689,0.35233641710578056
3690,0.34562351247352535
3691,0.3460451275072735
3692,0.29530508920770177
3693,0.33715089777531193
3694,0.2736869155852042
3695,0.30121758635498636
3696,0.26228595634627627
3697,0.2831970704014672
3698,0.2683564632157147
3699,0.280727083909832
3700,0.2950170944502114
3701,0.3127357100685035
3702,0.3054884232847656
3703,0.27429534450412885
3704,0.2792199710071002
3705,0.28133689991447586
3706,0.30146186100389705
3707,0.2590073162405508
3708,0.27323648423624314
3709,0.26981983864959513
3710,0.27021999812338715
3711,0.3006480548611271
3712,0.29866469935727563
3713,0.3030209748648722
3714,0.285848746026034
3715,0.3571915712729377
3716,0.3132033940556104
3717,0.32162149923630085
3718,0.3203077276809538
3719,0.2912575140538085
3720,0.34500062244816526
3721,0.35812212871582705
3722,0.26746990885383604
3723,0.2874932290237395
3724,0.29738084823042943
3725,0.28598797540612086
3726,0.2568760564287785
3727,0.2886887493514807
3728,0.2843153618239401
3729,0.3009909306459577
3730,0.2979421605035904
3731,0.306538402905596
3732,0.2989244385363332
3733,0.31860027897731646
3734,0.3381811188027575
3735,0.3123235858953654
3736,0.3029146414638783
3737,0.311369814296983
3738,0.2722372929586689
3739,0.2545195010852752
3740,0.2798558117952463
3741,0.30437317685397197
3742,0.3006289898106021
3743,0.3152860642025543
3744,0.32405055194298504
3745,0.3100745713597616
3746,0.32154754100624544
3747,0.3252465392620386
3748,0.29377947199122484
3749,0.2983976706000758
3750,0.27858433159810736
3751,0.28911357082743633
3752,0.28165657890408546
3753,0.27787424700343416
3754,0.31716960335145766
3755,0.33297164843163307
3756,0.37445862365254534
3757,0.37977391703267155
3758,0.37532824827733424
3759,0.3686166126809498
3760,0.33141637553080044
3761,0.3330614253413811
3762,0.3476307140467643
3763,0.39485817910562976
3764,0.4049060804940565
3765,0.46565485714483096
3766,0.4317236859104923
3767,0.4194043726317587
3768,0.3932463264748586
3769,0.35123827748684944
3770,0.36110014273027796
3771,0.3786627919304107
3772,0.3870893185789667
3773,0.3751718912530588
3774,0.3822896478405821
3775,0.38892387224884367
3776,0.38118396344751326
3777,0.40144931531920647
3778,0.3977411629920767
3779,0.3591010570841201
3780,0.32854704115808137
3781,0.3173211498444088
3782,0.334625457367366
3783,0.31536169943486875
3784,0.35411472002286987
3785,0.3964271796414131
3786,0.34967235666328955
3787,0.3637124088017606
3788,0.3142520013469526
3789,0.3342616103741636
3790,0.30042225501349934
3791,0.2804578269617426
3792,0.28317936292419943
3793,0.30752383877178474
3794,0.31772018784464046
3795,0.29774234637885344
3796,0.2595157690900262
3797,0.29923367011435487
3798,0.29557804996978604
3799,0.28708309433775314
3800,0.28668543127105045
3801,0.3013289368745394
3802,0.29906142323327206
3803,0.32126130224025085
3804,0.2961590027864833
3805,0.32204068383199275
3806,0.33322273004312847
3807,0.31990151294434693
3808,0.30350474314383086
3809,0.28895843423027046
3810,0.25162505160729765
3811,0.2669562149382947
3812,0.2843760932628873
3813,0.27836582132862164
3814,0.2996834105244969
3815,0.28123024187639906
3816,0.2847822732789505
3817,0.2872507546350177
3818,0.29230854136704376
3819,0.2922774942569009
3820,0.29925438786275815
3821,0.2655087172090315
3822,0.2786536563716111
3823,0.28397628793864055
3824,0.26964156862220046
3825,0.24583542959602106
3826,0.26119511672165036
3827,0.2677024080303634
3828,0.31612973174890113
3829,0.32689685183902506
3830,0.2667244535733202
3831,0.27820849039309636
3832,0.2898559377155932
3833,0.2899245837024684
3834,0.2831276275781151
3835,0.3149395531768022
3836,0.294644688842996
3837,0.2857855494284866
3838,0.30130928157477205
3839,0.26588005255548847
3840,0.29696726058637585
3841,0.26772539823834957
3842,0.2784560704377636
3843,0.32390530896473607
3844,0.3057022410727751
3845,0.30146799959601644
3846,0.3158121186316394
3847,0.30367275759064083
3848,0.28706479661124285
3849,0.27108497887546107
3850,0.29196604613764593
3851,0.2838618681230278
3852,0.33928981346696185
3853,0.3187877421366591
3854,0.3473446150309579
3855,0.29705467649915507
3856,0.3104951829697978
3857,0.3348187223295546
3858,0.346040494050722
3859,0.3209788653737873
3860,0.3327768557655231
3861,0.324652547145169
3862,0.36424177383468426
3863,0.35098533659024084
3864,0.34090684553483414
3865,0.3635563469021063
3866,0.35547285401685474
3867,0.3484268127122662
3868,0.3589618346481422
3869,0.3634974105152664
3870,0.37010064683830923
3871,0.36025310555516876
3872,0.3745461385188738
3873,0.3260394853021762
3874,0.3800170111830975
3875,0.38605047991258395
3876,0.3676206556220178
3877,0.3429791663557256
3878,0.37894060315244504
3879,0.3485287782688672
3880,0.3387907872450906
3881,0.329646173784561
3882,0.3437839269288578
3883,0.36040896086758833
3884,0.38362405381502795
3885,0.3481131690211588
3886,0.3571087297917862
3887,0.3304330645618837
3888,0.3626619422253057
3889,0.33948713378865014
3890,0.35509654061245005
3891,0.326186575413348
3892,0.34540230181375636
3893,0.3581088776203382
3894,0.35172294155583456
3895,0.36909934802373456
3896,0.362825382240488
3897,0.3576245486045996
3898,0.3769485414722698
3899,0.3692148598004454
3900,0.36603377053419406
3901,0.3517157700275412
3902,0.3580939148020471
3903,0.33127558633028975
3904,0.30916092455766286
3905,0.30808073893185967
3906,0.33668542722286326
3907,0.35359243798085394
3908,0.29965330781314153
3909,0.30224168354654346
3910,0.2973594812078597
3911,0.29328885682105604
3912,0.32588360047729453
3913,0.3415278024939255
3914,0.35951104160375513
3915,0.3301757922774532
3916,0.3709189093628581
3917,0.35472145197522303
3918,0.3585724593752116
3919,0.35831242507153266
3920,0.387089200529118
3921,0.36229457109692126
3922,0.39725506322861087
3923,0.4199246478263513
3924,0.392808184462327
3925,0.36064203010062046
3926,0.36790902188932517
3927,0.39027148505008485
3928,0.32979304255226705
3929,0.331023697466154
3930,0.33416096072616724
3931,0.3436300220429786
3932,0.34948154383949664
3933,0.3338815662473423
3934,0.33082640665692764
3935,0.3290013264873888
3936,0.3500251486353897
3937,0.32827439027684907
3938,0.35913797717422363
3939,0.3383012050110958
3940,0.3483561008530432
3941,0.34956091760635
3942,0.3452526588746116
3943,0.3486591816867548
3944,0.31842984450861295
3945,0.35813092342953695
3946,0.34598377109854045
3947,0.3343978277470873
3948,0.32223506332363305
3949,0.3322615239083344
3950,0.33268873155365336
3951,0.3331815306460185
3952,0.34703450328715457
3953,0.3628888635464933
3954,0.3754486000978317
3955,0.3423848148812291
3956,0.3400516629201814
3957,0.36245886697350505
3958,0.3371303518935995
3959,0.3639185533496208
3960,0.3380171770757189
3961,0.3094656997539051
3962,0.32288569506337933
3963,0.3024619793199871
3964,0.2985749814724515
3965,0.33458709116661906
3966,0.333282753182985
3967,0.35722844709434787
3968,0.3414494173945529
3969,0.3259401463547031
3970,0.3324572062883756
3971,0.34756854864936365
3972,0.33411292919407837
3973,0.35826812686590076
3974,0.3489042062994084
3975,0.32121493555823033
3976,0.3422932081988299
3977,0.36990302097583655
3978,0.3533734555119743
3979,0.33602614833171796
3980,0.3471631672058046
3981,0.353075291107245
3982,0.3511065147596776
3983,0.30251052732016315
3984,0.32412163270798444
3985,0.34168159193399716
3986,0.3839505796958475
3987,0.37031216265427397
3988,0.372558798832637
3989,0.346674864423844
3990,0.3506232481925747
3991,0.32355601161535513
3992,0.3053328630969673
3993,0.34725587626546517
3994,0.2975137133348631
3995,0.32757286429618865
3996,0.31395259741881465
3997,0.32552219086625683
3998,0.3088114084688568
3999,0.3535170188839236
4000,0.351780682687959
4001,0.3608198628775894
4002,0.32190390398626173
4003,0.32633674436872917
4004,0.37275236065547396
4005,0.33108514241227366
4006,0.30135877397373567
4007,0.3281896009731979
4008,0.34339358034871836
4009,0.34983293396964693
4010,0.3612306173252803
4011,0.4038629034957434
4012,0.3495070278505315
4013,0.3503712117661285
4014,0.3447594761202389
4015,0.36703315103873146
4016,0.3594300915242196
4017,0.33527670886881694
4018,0.3220934330179522
4019,0.3266144766015264
4020,0.2944636003754696
4021,0.27414034505311063
4022,0.3385014765789956
4023,0.3167273295942302
4024,0.30540020011934643
4025,0.32736111238052684
4026,0.3044831255315744
4027,0.29242304972004296
4028,0.2891501766966197
4029,0.28835514047975375
4030,0.3051612481297793
4031,0.3463665477321481
4032,0.33785395840400223
4033,0.3216866114941598
4034,0.32969808620541796
4035,0.3625357174248477
4036,0.3814892698680738
4037,0.3777943391239704
4038,0.37579377785470724
4039,0.3830542271965473
4040,0.3714498090438112
4041,0.33869637687879073
4042,0.3565503835210676
4043,0.3481266414601136
4044,0.33972042980165457
4045,0.35208806973709833
4046,0.280703060765672
4047,0.28641283681070157
4048,0.27483801965746524
4049,0.2919453905207415
4050,0.32999093836696686
4051,0.3061213180347818
4052,0.29294066879304537
4053,0.2843427884493926
4054,0.30927448851187417
4055,0.313962385140073
4056,0.2743418266319569
4057,0.290806888269803
4058,0.30905207218122627
4059,0.34961359735122194
4060,0.35815736659559033
4061,0.31423016212498883
4062,0.307439934841997
4063,0.2924157601419009
4064,0.31700055596847354
4065,0.2991669129250547
4066,0.30495291965972265
4067,0.3319355882767571
4068,0.26333491778716367
4069,0.32546713536818495
4070,0.3267227873374817
4071,0.3100762535701019
4072,0.31136352814255297
4073,0.2475440388338304
4074,0.301756336350862
4075,0.29215695060539976
4076,0.31287863892251744
4077,0.3300902478019773
4078,0.33978560807423147
4079,0.30460694506637026
4080,0.3686285357156435
4081,0.3270925342190662
4082,0.3487676226247488
4083,0.3252684427170082
4084,0.3424144749056529
4085,0.35887204037812215
4086,0.3540887490562103
4087,0.3490761945124407
4088,0.33448282519126077
4089,0.3299323856421344
4090,0.33647975487439696
4091,0.3866154664872782
4092,0.37397786564472213
4093,0.36824912784278474
4094,0.36360889384089873
4095,0.3867857707539427
4096,0.3605610828535505
4097,0.354412633571671
4098,0.3338639056428083
4099,0.3334624597728735
4100,0.3386587780020585
4101,0.3777168098859992
4102,0.410888138514542
4103,0.34973126353766726
4104,0.3384389101593157
4105,0.39099334511714134
4106,0.35119995121472763
4107,0.3637212035154703
4108,0.36860110388210965
4109,0.33624660642370313
4110,0.3426726499242187
4111,0.3564822982709727
4112,0.3620724307945956
4113,0.34227136897686633
4114,0.3665438049044334
4115,0.367306406925437
4116,0.38324452355225275
4117,0.39832698536502253
4118,0.3995332777414348
4119,0.34293938355679704
4120,0.36842001541458325
4121,0.3661672744966308
4122,0.37679259762246414
4123,0.34189180920162904
4124,0.3531566864777532
4125,0.3500277943408169
4126,0.3333474054393254
4127,0.321291579422338
4128,0.31073969371840554
4129,0.3424474698382954
4130,0.32584207644310126
4131,0.31454523717050853
4132,0.2851456897374117
4133,0.29780433730552214
4134,0.3451043882649552
4135,0.3478616195503375
4136,0.31895755684365806
4137,0.3705264231292155
4138,0.36931673681966
4139,0.3505655513291437
4140,0.38053740442753853
4141,0.37933500769612494
4142,0.3607546108238573
4143,0.408158619431084
4144,0.3424775725496508
4145,0.29411482209821643
4146,0.33169888357437854
4147,0.32050144227418287
4148,0.3081908499280039
4149,0.30885591326172346
4150,0.29700919779503876
4151,0.33578886813632824
4152,0.3210521916899481
4153,0.33566913607753507
4154,0.32937371473433247
4155,0.3127916066717458
4156,0.3292057297999846
4157,0.3486049499335812
4158,0.32785088100901943
4159,0.36194585184459227
4160,0.34038879853113085
4161,0.3530662898063007
4162,0.3715455179584445
4163,0.356973843083698
4164,0.30417753874262415
4165,0.31621183541849984
4166,0.2863168032589854
4167,0.2807875844571641
4168,0.30472847738535214
4169,0.3214231902471316
4170,0.3006124038068944
4171,0.2611104749803099
4172,0.3121231789173452
4173,0.2951731832582872
4174,0.3014354768627678
4175,0.31068364955285244
4176,0.2930912413747465
4177,0.28361048097074815
4178,0.24158228538727886
4179,0.2270136546361979
4180,0.28657542096448285
4181,0.27963090252956363
4182,0.298300131912792
4183,0.30933788128049317
4184,0.2540844136125721
4185,0.2712088131664879
4186,0.2515883823731221
4187,0.27323274830574507
4188,0.223526118379527
4189,0.24867787811575506
4190,0.24007762201890231
4191,0.22159426212206287
4192,0.2399844806884733
4193,0.26292006110723914
4194,0.2739553314281231
4195,0.28285794269932507
4196,0.2925418964049726
4197,0.31202180360998627
4198,0.26358848886163977
4199,0.2775856593926608
4200,0.2584722379421677
4201,0.2604454411590524
4202,0.26957848573443366
4203,0.2900637644737939
4204,0.2961236468568718
4205,0.2919215296951232
4206,0.2630359270334954
4207,0.260415899184477
4208,0.23432239678221856
4209,0.26142416294011056
4210,0.2300572852700896
4211,0.23986370093727533
4212,0.2766161628600537
4213,0.2615163303592899
4214,0.2768846793925494
4215,0.25198708098003963
4216,0.2757260939111427
4217,0.3032187968984165
4218,0.28849733152221485
4219,0.2866404369185182
4220,0.28451695624455337
4221,0.28898849701300094
4222,0.23186878970705618
4223,0.23527322928657962
4224,0.2795402992708763
4225,0.2784675507855257
4226,0.24932806716856976
4227,0.25565860834168724
4228,0.3230241970480763
4229,0.3376948002998668
4230,0.3589983832284285
4231,0.36308999097579453
4232,0.36623604894951756
4233,0.3626053694394754
4234,0.34653003635609153
4235,0.3799233976532746
4236,0.3824736285293954
4237,0.39183914276884213
4238,0.3616810070095888
4239,0.3711934342854346
4240,0.3728445037702726
4241,0.35883299539074637
4242,0.3431802052476404
4243,0.3099164435877592
4244,0.34554409443797884
4245,0.33025005778432026
4246,0.3256039108738481
4247,0.3398722714192268
4248,0.3611168172713719
4249,0.33541615525230134
4250,0.3631739834429685
4251,0.35578863736146527
4252,0.3216683945385988
4253,0.35780953271712485
4254,0.36237983259996603
4255,0.3541483347172169
4256,0.33462308161416593
4257,0.3545271566809012
4258,0.35988207488148233
4259,0.3736648078627891
4260,0.38158975980156906
4261,0.440739974845686
4262,0.45374557959853434
4263,0.42432340652315986
4264,0.43784557397646967
4265,0.4166183371833539
4266,0.40129785736364193
4267,0.3900130886880534
4268,0.3904646067900311
4269,0.3633617859956256
4270,0.37749087983633295
4271,0.35229248780592487
4272,0.38181452671302274
4273,0.34574395283140896
4274,0.34692631060104784
4275,0.3638354462563104
4276,0.3383727432192583
4277,0.3609181984013504
4278,0.3657332451324961
4279,0.3496947418658018
4280,0.3202465726513738
4281,0.36194782917955387
4282,0.3389012523907802
4283,0.4012428756467251
4284,0.3810754166118611
4285,0.3570976626184936
4286,0.3804058083589761
4287,0.3788664088226924
4288,0.4103959001589571
4289,0.39998611696009895
4290,0.38863574208123336
4291,0.37550582476186906
4292,0.37091631226619215
4293,0.3777504836052705
4294,0.40928702841997994
4295,0.4273180508100114
4296,0.41630075357855456
4297,0.41498181213425617
4298,0.37652548032787797
4299,0.3526155459724468
4300,0.3844754293220679
4301,0.34442468675002735
4302,0.377093860835715
4303,0.41666148440296336
4304,0.42895671551261244
4305,0.3788931471133669
4306,0.3661676243061083
4307,0.4005884663118283
4308,0.3804241355979486
4309,0.4140184368334967
4310,0.3810370208986519
4311,0.3617804787631412
4312,0.3495741539456078
4313,0.37678147142424745
4314,0.3839012348591944
4315,0.4036711610293944
4316,0.33205899463708305
4317,0.3381122957411095
4318,0.3433179694207844
4319,0.3650635188297624
4320,0.32767105225763904
4321,0.3681318114658173
4322,0.3843609799939929
4323,0.3778563743193323
4324,0.36499988996144667
4325,0.3508224868243006
4326,0.3473231056541589
4327,0.33851018275531897
4328,0.31602981730841717
4329,0.29371702362139346
4330,0.32911846144951595
4331,0.3109690350614865
4332,0.3113889678848943
4333,0.31923537240576016
4334,0.3351673651966876
4335,0.3358804157938032
4336,0.3336864298478502
4337,0.3153008152255292
4338,0.3355948532103965
4339,0.3574098749551888
4340,0.40154695990414846
4341,0.3898364566023064
4342,0.41018009027975477
4343,0.399504089916405
4344,0.39781399974857207
4345,0.371373034977665
4346,0.3736451525630217
4347,0.3741383943423186
4348,0.38264992122182806
4349,0.4021013636571343
4350,0.39996616653571054
4351,0.4734238209651119
4352,0.4153478552018453
4353,0.3974662248950306
4354,0.3525032215416441
4355,0.3415487268295637
4356,0.3452980490413416
4357,0.3723538938081855
4358,0.3731392499374783
4359,0.4274733106651073
4360,0.4206404430824433
4361,0.3867285582420955
4362,0.3552857154945951
4363,0.37186707532946606
4364,0.357105365371105
4365,0.3713529786556181
4366,0.3579731793195422
4367,0.3627992637115179
4368,0.38417972377141885
4369,0.3512533392586904
4370,0.35992172487433116
4371,0.36991746298597294
4372,0.4016324991715427
4373,0.3757045911942009
4374,0.36153976036591534
4375,0.39258813954481153
4376,0.37076659554589225
4377,0.3420864143768032
4378,0.3349763752981224
4379,0.3308827459471017
4380,0.3227479604026974
4381,0.29659585145876355
4382,0.2767691085909144
4383,0.30409791411984266
4384,0.3455953575846694
4385,0.37519491097350705
4386,0.3723473715540585
4387,0.3797103176768178
4388,0.416526317326485
4389,0.40663763567115896
4390,0.365442429330833
4391,0.3468066080547168
4392,0.34333697544638536
4393,0.32733582020049584
4394,0.3033979522996744
4395,0.33627939476911073
4396,0.3077520586413056
4397,0.3468345216357944
4398,0.3718243855530194
4399,0.3969906758367704
4400,0.37113316983779965
4401,0.3777546448624284
4402,0.3834864224479633
4403,0.39439117390515166
4404,0.3382004373132513
4405,0.3634835882668344
4406,0.39579586814818773
4407,0.3857355524293747
4408,0.41852586301984657
4409,0.4295591282293338
4410,0.43176011904497097
4411,0.40534779351450423
4412,0.3736925200647134
4413,0.4146541647798759
4414,0.38082696594956167
4415,0.37754468105476513
4416,0.3541011738027602
4417,0.35330215340350885
4418,0.3433397244454299
4419,0.3055668969215245
4420,0.3104788920907114
4421,0.3437773899184998
4422,0.3533910154269314
4423,0.3743381051734384
4424,0.3539393864854557
4425,0.3915632012480841
4426,0.38717522935617793
4427,0.3855657672348378
4428,0.42688389297986484
4429,0.3688604593991598
4430,0.3721530615035056
4431,0.39685283788247094
4432,0.37498495931803416
4433,0.3141789875156844
4434,0.3383211554354841
4435,0.35851175224064497
4436,0.4006276293490525
4437,0.3755376096835648
4438,0.3483643643424348
4439,0.34415810067975927
4440,0.35909568581601553
4441,0.347258679949366
4442,0.3719375910176173
4443,0.3795832075024964
4444,0.35287434075271684
4445,0.35146063479257306
4446,0.3817130628682776
4447,0.35359367750426246
4448,0.3764964105526969
4449,0.3784560675494715
4450,0.41368485747423167
4451,0.4053739563121675
4452,0.38138222816798945
4453,0.38923522872413746
4454,0.377071106727426
4455,0.39378104801965563
4456,0.3523718320603165
4457,0.3329446046001743
4458,0.33100722951229494
4459,0.34689245980700406
4460,0.3548941146348159
4461,0.3435033962202414
4462,0.3364660315795144
4463,0.35486094262740053
4464,0.34069059296869997
4465,0.34241178927160054
4466,0.3486337245841416
4467,0.34012398320858994
4468,0.36682299279602354
4469,0.3768670280519136
4470,0.37242153637134895
4471,0.3844148107248871
4472,0.3964854667540867
4473,0.41728472857786886
4474,0.3792222700908527
4475,0.3757955486024337
4476,0.4131527035136387
4477,0.413660096518519
4478,0.4045400226702363
4479,0.41415422367167937
4480,0.3506364402631394
4481,0.36952332405445176
4482,0.4005265578464507
4483,0.3539749490023023
4484,0.38719559295503614
4485,0.3833992573911121
4486,0.3937417079076588
4487,0.4069416435433863
4488,0.3863502038179427
4489,0.35870060248570707
4490,0.3631343924750438
4491,0.37352444659297895
4492,0.3420601482855225
4493,0.3624316096107026
4494,0.35193079782649744
4495,0.4177868492681936
4496,0.3575201925385676
4497,0.3771230191482826
4498,0.39071746262130763
4499,0.38461812207638474
4500,0.38873998009741656
4501,0.3551103229322569
4502,0.39210155282572107
4503,0.38275235897782295
4504,0.38354013512900903
4505,0.38371447999894254
4506,0.3666538568756531
4507,0.38087358088346934
4508,0.339521751906709
4509,0.35949354331776284
4510,0.35356980192241305
4511,0.38203898374362444
4512,0.3654676624859399
4513,0.4120218892590806
4514,0.41212515336401445
4515,0.3610724305283538
4516,0.35841046547067257
4517,0.35586516317572475
4518,0.36940347394581047
4519,0.3368882958874292
4520,0.3579649158301505
4521,0.38950615312633596
4522,0.3993231932798827
4523,0.376197803461036
4524,0.3671021364189209
4525,0.33091851505118275
4526,0.34654016433867785
4527,0.33541618476476354
4528,0.3495865639359264
4529,0.3404712858627371
4530,0.34710881566675544
4531,0.3711079661951548
4532,0.34977939836337374
4533,0.29945235745861315
4534,0.30823765669291525
4535,0.2917891220338525
4536,0.33427906959954407
4537,0.3410698871317781
4538,0.3696408374705048
4539,0.332370439649763
4540,0.36316262114505493
4541,0.37429177060792085
4542,0.3906643697019665
4543,0.3786935838445578
4544,0.35753660146750244
4545,0.3617104604467777
4546,0.3899959419475657
4547,0.37571167418510826
4548,0.37295252458968825
4549,0.33836963399457287
4550,0.3444331151620016
4551,0.34738366522641523
4552,0.37080284205744873
4553,0.3450572863754226
4554,0.3269709281189288
4555,0.3421944890130615
4556,0.3592744723114969
4557,0.3793725327917018
4558,0.3482760040308682
4559,0.38798035883508664
4560,0.3584910344922415
4561,0.40676799221631293
4562,0.3956474603923838
4563,0.38581930879685183
4564,0.41649881171179565
4565,0.3895703427314321
4566,0.4013211426962492
4567,0.3551229395098104
4568,0.32595217268301446
4569,0.3693050498846632
4570,0.38241607922827486
4571,0.39005909861648763
4572,0.3784758408990872
4573,0.3464870176024937
4574,0.3509034690203389
4575,0.3734338138218295
4576,0.3321308574823285
4577,0.3442502680989389
4578,0.3450743593347551
4579,0.4103548188116954
4580,0.3643182111115571
4581,0.3619733279468194
4582,0.40761113374642305
4583,0.399095873540456
4584,0.3982142330035191
4585,0.3874591687541685
4586,0.40692068969528616
4587,0.3714172446459104
4588,0.3741473366183392
4589,0.35698627217031575
4590,0.36801945752255255
4591,0.3417521267184476
4592,0.3573237871032046
4593,0.37326885391484793
4594,0.36380180204950147
4595,0.364474154961363
4596,0.37792351517063966
4597,0.39914031930839855
4598,0.4121685366833206
4599,0.4240593732808647
4600,0.39840773146136405
4601,0.3766823685764717
4602,0.3823839696694958
4603,0.36747840555463246
4604,0.36953899517183425
4605,0.39931305574914655
4606,0.388072791866425
4607,0.41193898875300455
4608,0.41712276418579164
4609,0.4411031743007496
4610,0.4356120855999781
4611,0.4229408804792385
4612,0.4443362940377063
4613,0.4654181081737595
4614,0.4623519109225146
4615,0.3896819588631441
4616,0.39444323388831926
4617,0.3497927675087109
4618,0.37076606432157405
4619,0.3841628628358275
4620,0.36098427680402184
4621,0.42854004381626803
4622,0.3908450154825608
4623,0.4122737486107539
4624,0.4383945969132014
4625,0.44568530868089795
4626,0.44466163942004144
4627,0.47571562596673916
4628,0.49635614025681435
4629,0.4837463210572703
4630,0.48008388353395365
4631,0.5158108733316461
4632,0.4973232046153378
4633,0.4823566087288245
4634,0.48636510938287986
4635,0.456573046203678
4636,0.47049227432225815
4637,0.4703983361553521
4638,0.4321595997321343
4639,0.3941082969557974
4640,0.41385625109795376
4641,0.36987505357791645
4642,0.38006279976806606
4643,0.4179484933632554
4644,0.4174813701129286
4645,0.4207822799753593
4646,0.3975654015239618
4647,0.3880441500219442
4648,0.3788041080151716
4649,0.3855291422693555
4650,0.34526236847464675
4651,0.3856293370782295
4652,0.3714544720128255
4653,0.34281652317702016
4654,0.3687862208007141
4655,0.3722703735404051
4656,0.36723542945405474
4657,0.33605547330289526
4658,0.3609233630822203
4659,0.3611301273917851
4660,0.3592648807613102
4661,0.3689281462310163
4662,0.36572306333306676
4663,0.38317838612465727
4664,0.39829493483116746
4665,0.38310678889157096
4666,0.3666195929071398
4667,0.3941361818924263
4668,0.4053440159193535
4669,0.4317504389573977
4670,0.39161679587928155
4671,0.38143517352502015
4672,0.3940509689981423
4673,0.411126274571333
4674,0.42572883423768065
4675,0.4248886144413195
4676,0.4278503323686025
4677,0.4316153013933817
4678,0.4062060159127542
4679,0.40896330622306093
4680,0.39660142121772923
4681,0.38490397978441276
4682,0.3886078085358432
4683,0.35332130699142034
4684,0.3737922426741938
4685,0.35415305671115505
4686,0.37557934030499285
4687,0.3719196179281905
4688,0.41440811938323846
4689,0.3938151496696272
4690,0.3896528005505765
4691,0.340013193425817
4692,0.3364896415492049
4693,0.3420875948752876
4694,0.36336826398105915
4695,0.3768139646450341
4696,0.36900682645500993
4697,0.32574816778865723
4698,0.33872208223329114
4699,0.3907615247272427
4700,0.36231806301676334
4701,0.37124233643515614
4702,0.3374917667127187
4703,0.34457552494388766
4704,0.34786129491325424
4705,0.38073587573524953
4706,0.3956191874536795
4707,0.3401784632136506
4708,0.326385607457839
4709,0.36994948400736555
4710,0.37073368915063626
4711,0.4023536847920385
4712,0.38939255965966235
4713,0.40876294611777475
4714,0.40771563737476546
4715,0.3721835478768683
4716,0.38654209850646465
4717,0.3876408665672362
4718,0.3988413875796545
4719,0.3648195393054732
4720,0.3694131245209215
4721,0.36025807406496674
4722,0.368114044963625
4723,0.37478055600543847
4724,0.3671107688140889
4725,0.3701890809310312
4726,0.33001823739442143
4727,0.3266062426245968
4728,0.3525560193363644
4729,0.3464846270930625
4730,0.33343725613022895
4731,0.3418258783612684
4732,0.3560133452479947
4733,0.340445934657782
4734,0.34727877793606504
4735,0.3653156142811329
4736,0.345269746590175
4737,0.33993743493557277
4738,0.3686400455758679
4739,0.36934651489393194
4740,0.34905734646531356
4741,0.3476650370402018
4742,0.3351351375880601
4743,0.335144817675633
4744,0.3246565018150922
4745,0.37577600093635183
4746,0.35577098890912157
4747,0.355004697830354
4748,0.3576077707698883
4749,0.3514351065128451
4750,0.35345736464984334
4751,0.362972206739501
4752,0.36792432410093084
4753,0.3457824249298143
4754,0.3716003816255126
4755,0.3404938628962537
4756,0.3148253104359622
4757,0.3142770574272865
4758,0.3291428092307592
4759,0.33951971554682314
4760,0.3421543520645875
4761,0.35019204160863987
4762,0.36024667183842785
4763,0.377954119593851
4764,0.3438781159516916
4765,0.33773952383215855
4766,0.3401929538325482
4767,0.3637648524469357
4768,0.3505393737752491
4769,0.31085867320941435
4770,0.33282980112255395
4771,0.337772253152642
4772,0.3509314763468843
4773,0.36082685733111014
4774,0.3711603213029435
4775,0.3685541052861942
4776,0.38532302723395717
4777,0.3760487065024403
4778,0.36683636194136104
4779,0.3527088643776485
4780,0.3595619236924789
4781,0.369340915292568
4782,0.35417061662611227
4783,0.35639018987671756
4784,0.374700075521256
4785,0.3733546909109043
4786,0.4052584888041497
4787,0.3538065213810224
4788,0.38245966913481577
4789,0.4094321411961902
4790,0.3901416154605563
4791,0.41091614584108727
4792,0.4006835450485935
4793,0.4086346849574311
4794,0.3986100098766875
4795,0.37009521654528027
4796,0.38988848707301166
4797,0.36973655159321933
4798,0.35656755977401744
4799,0.3367897832888955
4800,0.38603100168758936
4801,0.3456410428760205
4802,0.393948309898682
4803,0.35454815479769475
4804,0.3342801910731044
4805,0.3200599948658944
4806,0.3538813649849415
4807,0.32375994272855696
4808,0.3178830671230427
4809,0.3146067116290903
4810,0.32482634603455346
4811,0.318514869911961
4812,0.3635897254967565
4813,0.3655087733456634
4814,0.3680181294617576
4815,0.3681400454427468
4816,0.3756187394419138
4817,0.3694810326962436
4818,0.3411387987308121
4819,0.36191908404145556
4820,0.34286076235772783
4821,0.3631210675983996
4822,0.3914754606982217
4823,0.3675469925165831
4824,0.3442859486656335
4825,0.35890960974239194
4826,0.3766221336412985
4827,0.3049564021302519
4828,0.30534274977177506
4829,0.3455147590506383
4830,0.3581421381651398
4831,0.3789636228728931
4832,0.3448104736547704
4833,0.3554557958137535
4834,0.34613511100425665
4835,0.32337819903112347
4836,0.35830259742164894
4837,0.38113079674701655
4838,0.39212777464830845
4839,0.40201970267446724
4840,0.39781343901179156
4841,0.3963396751912478
4842,0.42376708185609585
4843,0.40694093524429575
4844,0.3935674220626496
4845,0.39988886298127324
4846,0.4098043671245922
4847,0.4099762919726325
4848,0.4124708623452078
4849,0.380782210300767
4850,0.4121258321506429
4851,0.44408437566110814
4852,0.33844301239154956
4853,0.3497532208094795
4854,0.32886102424250324
4855,0.35131965376105845
4856,0.37834188383355555
4857,0.38689146703296
4858,0.3383551416396484
4859,0.3713511193705052
4860,0.35114130995250875
4861,0.37026514930212784
4862,0.37345667382777686
4863,0.3936375584288615
4864,0.34395381541701203
4865,0.3562336852901314
4866,0.38072474953703284
4867,0.35367949974408736
4868,0.376837663152111
4869,0.3633849975470773
4870,0.3556408094387406
4871,0.3748754090586702
4872,0.4046467840019305
4873,0.37869479385550436
4874,0.3401357881934351
4875,0.34120396224715815
4876,0.35159863506541417
4877,0.3077167912490804
4878,0.3525737268136323
4879,0.3280825740293447
4880,0.3458168486128286
4881,0.32764861757835145
4882,0.3477903174418721
4883,0.376093240807769
4884,0.3441977064039151
4885,0.3255998086416143
4886,0.319285410785273
4887,0.34100103455766817
4888,0.3395899847191146
4889,0.33090470321891396
4890,0.34854424279901447
4891,0.386088068373153
4892,0.39740191724008594
4893,0.3618496117056413
4894,0.3327924088330567
4895,0.40732604336241
4896,0.37628462912457267
4897,0.31774571612436847
4898,0.33094445650538007
4899,0.3239721963560749
4900,0.34015083954911274
4901,0.3193112637020839
4902,0.35674543138317355
4903,0.3471998616123747
4904,0.3411986204915156
4905,0.29809668775521475
4906,0.2940464859921935
4907,0.270716928960448
4908,0.27683211769752614
4909,0.27658465570270735
4910,0.2980147759166199
4911,0.304975172056156
4912,0.299803467220373
4913,0.33260116807856355
4914,0.3363841640096125
4915,0.3167042213363953
4916,0.3227767055407955
4917,0.30763445147978463
4918,0.3413640968665841
4919,0.3175776721650962
4920,0.35128778030197644
4921,0.34439647283624725
4922,0.3473590813454749
4923,0.3317969829984427
4924,0.29798062999795494
4925,0.3018080421844841
4926,0.30090684964139713
4927,0.34490175570008613
4928,0.34636905629142734
4929,0.328585525408677
4930,0.3595575853605481
4931,0.39054838572586154
4932,0.3726452113217043
4933,0.3799527182843839
4934,0.38118579322016416
4935,0.3857788767237567
4936,0.39887644838464487
4937,0.38936709040485884
4938,0.41257330010120236
4939,0.39486841992998345
4940,0.4267485783410761
4941,0.4143299703835629
4942,0.4034715977605852
4943,0.4023368140798729
4944,0.3827521966592813
4945,0.3802588953225768
4946,0.38862355343438026
4947,0.4170428444383894
4948,0.37567295383481575
4949,0.3763560492828866
4950,0.39514574853646045
4951,0.39499502839244877
4952,0.4140114128675138
4953,0.434968300751442
4954,0.40862004677622266
4955,0.40108147199142813
4956,0.4339719010055783
4957,0.43988991698327784
4958,0.4438960861528265
4959,0.44743023300333723
4960,0.4404048799346903
4961,0.44289254439113124
4962,0.4671691415758562
4963,0.48186297287135665
4964,0.45170458191610796
4965,0.4121186015974253
4966,0.4134988004969074
4967,0.40225738128809535
4968,0.40769124532482914
4969,0.4230658067313636
4970,0.4055981477306097
4971,0.44951187976225665
4972,0.4804521990611255
4973,0.5260870683707488
4974,0.5095265781866598
4975,0.4669426924540622
4976,0.4438375334279941
4977,0.4720506356154495
4978,0.42912806920770946
4979,0.4518577220820131
4980,0.45920753515913193
4981,0.4517561401874195
4982,0.4338293263011096
4983,0.46431690967493183
4984,0.47190282244895565
4985,0.4393608470749759
4986,0.41316222128267005
4987,0.4272264736400744
4988,0.41179780113425557
4989,0.427764780949018
4990,0.4024506436462434
4991,0.40749687624935205
4992,0.4284061457756608
4993,0.3982086846606421
4994,0.3755993393381425
4995,0.37371285415110933
4996,0.39729142258193423
4997,0.37776571203572085
4998,0.4211695129907458
4999,0.4124465735888887
